timestamp,value,predicted_value,error,p_label,fired,r_label
2015-09-01 11:25:00,58,71.1345164698,13.1345164698,0,-1,0
2015-09-01 11:30:00,63,69.6913695396,6.69136953959,0,-1,0
2015-09-01 11:35:00,63,55.9452129206,7.05478707941,0,-1,0
2015-09-01 11:40:00,64,50.2347882701,13.7652117299,0,-1,0
2015-09-01 11:55:00,58,57.1658796696,0.834120330394,0,-1,0
2015-09-01 12:00:00,63,64.8908731454,1.89087314536,0,-1,0
2015-09-01 12:05:00,60,58.095964284,1.90403571599,0,-1,0
2015-09-01 12:10:00,60,57.1559992032,2.84400079676,0,-1,0
2015-09-01 12:15:00,62,63.6409681978,1.64096819781,0,-1,0
2015-09-01 12:20:00,62,52.8561860936,9.14381390643,0,-1,0
2015-09-01 12:25:00,59,68.1266143316,9.12661433163,0,-1,0
2015-09-01 12:30:00,65,72.6245284518,7.62452845179,0,-1,0
2015-09-01 12:35:00,60,60.0035936464,0.00359364640784,0,-1,0
2015-09-01 12:45:00,63,64.9687501447,1.96875014475,0,-1,0
2015-09-01 12:50:00,53,62.1681566613,9.1681566613,0,-1,0
2015-09-01 12:55:00,62,65.2281469016,3.2281469016,0,-1,0
2015-09-01 13:05:00,60,57.1328806772,2.86711932283,0,-1,0
2015-09-01 13:10:00,60,66.4513286005,6.45132860054,0,-1,0
2015-09-01 13:15:00,61,63.9717160793,2.97171607934,0,-1,0
2015-09-01 13:20:00,61,59.2823043791,1.71769562089,0,-1,0
2015-09-01 13:25:00,59,66.7615425243,7.76154252431,0,-1,0
2015-09-01 13:35:00,63,67.8419684984,4.84196849841,0,-1,0
2015-09-01 13:45:00,65,60.6015007743,4.39849922574,0,-1,0
2015-09-01 13:50:00,59,57.7715116172,1.22848838279,0,-1,0
2015-09-01 14:00:00,62,50.1381081278,11.8618918722,0,-1,0
2015-09-01 14:05:00,58,58.3805190543,0.380519054282,0,-1,0
2015-09-01 14:10:00,57,59.8220434236,2.82204342363,0,-1,0
2015-09-01 14:15:00,64,53.169888533,10.830111467,0,-1,0
2015-09-01 14:30:00,58,51.0433224613,6.95667753868,0,-1,0
2015-09-01 14:35:00,62,66.8126307941,4.81263079406,0,-1,0
2015-09-01 14:40:00,63,57.8673557158,5.13264428416,0,-1,0
2015-09-01 14:50:00,62,64.1498106385,2.14981063848,0,-1,0
2015-09-01 14:55:00,63,57.3527401633,5.6472598367,0,-1,0
2015-09-01 15:00:00,66,58.166279769,7.83372023098,0,-1,0
2015-09-01 15:05:00,55,56.6839453262,1.68394532616,0,-1,0
2015-09-01 15:10:00,59,60.6282460083,1.6282460083,0,-1,0
2015-09-01 15:25:00,59,61.3948564135,2.39485641345,0,-1,0
2015-09-01 15:30:00,59,55.5247107351,3.47528926494,0,-1,0
2015-09-01 15:35:00,63,67.8072494211,4.80724942106,0,-1,0
2015-09-01 15:40:00,60,53.9503727447,6.04962725529,0,-1,0
2015-09-01 15:45:00,63,55.011467985,7.98853201504,0,-1,0
2015-09-01 15:55:00,58,55.5640241626,2.43597583738,0,-1,0
2015-09-01 16:00:00,68,66.2023423859,1.79765761409,0,-1,0
2015-09-01 16:05:00,63,66.6829827909,3.68298279093,0,-1,0
2015-09-01 16:10:00,60,69.1131781671,9.11317816707,0,-1,0
2015-09-01 16:15:00,62,67.9106949716,5.91069497163,0,-1,0
2015-09-01 16:20:00,59,61.221138752,2.22113875204,0,-1,0
2015-09-01 16:25:00,65,53.5016755548,11.4983244452,0,-1,0
2015-09-01 16:30:00,63,60.2853018513,2.71469814872,0,-1,0
2015-09-01 16:40:00,65,66.9894853189,1.98948531893,0,-1,0
2015-09-01 16:45:00,60,56.3262320127,3.67376798732,0,-1,0
2015-09-01 16:55:00,63,62.3781730315,0.621826968499,0,-1,0
2015-09-01 17:05:00,62,60.0449441172,1.95505588283,0,-1,0
2015-09-01 17:10:00,63,64.8363152099,1.83631520987,0,-1,0
2015-09-01 17:15:00,38,63.8431945992,25.8431945992,0,-1,0
2015-09-01 17:20:00,38,62.9604914848,24.9604914848,0,-1,0
2015-09-01 17:25:00,33,60.2906492383,27.2906492383,0,-1,0
2015-09-01 17:35:00,59,50.1637670196,8.83623298036,0,-1,0
2015-09-01 17:40:00,63,59.7957106922,3.2042893078,0,-1,0
2015-09-01 17:45:00,68,54.7212310483,13.2787689517,0,-1,0
2015-09-01 17:50:00,64,54.5429379454,9.45706205463,0,-1,0
2015-09-01 17:55:00,65,63.3812583853,1.61874161471,0,-1,0
2015-09-01 17:59:00,65,68.1716318768,3.17163187678,0,-1,0
2015-09-01 18:10:00,61,61.6441112782,0.644111278195,0,-1,0
2015-09-01 18:15:00,63,55.4363259358,7.56367406417,0,-1,0
2015-09-01 18:20:00,66,55.7096713127,10.2903286873,0,-1,0
2015-09-01 18:25:00,66,63.5871991154,2.41280088464,0,-1,0
2015-09-01 18:30:00,60,62.7255383402,2.72553834023,0,-1,0
2015-09-01 18:35:00,68,72.0171046846,4.01710468462,0,-1,0
2015-09-01 18:45:00,63,57.6662940009,5.33370599908,0,-1,0
2015-09-01 18:50:00,63,61.3076019082,1.69239809177,0,-1,0
2015-09-01 19:20:00,66,68.6991843587,2.69918435874,0,-1,0
2015-09-01 19:25:00,63,62.6291161139,0.370883886109,0,-1,0
2015-09-01 19:35:00,59,61.2340854727,2.23408547273,0,-1,0
2015-09-01 19:50:00,61,59.300710843,1.69928915699,0,-1,0
2015-09-01 20:00:00,67,62.3390375101,4.66096248993,0,-1,0
2015-09-01 20:15:00,59,61.7404127239,2.74041272394,0,-1,0
2015-09-01 20:35:00,62,62.7617355629,0.761735562942,0,-1,0
2015-09-01 20:40:00,59,57.5060095207,1.49399047926,0,-1,0
2015-09-01 20:50:00,60,57.4642323433,2.53576765672,0,-1,0
2015-09-01 20:55:00,65,55.0861417376,9.91385826245,0,-1,0
2015-09-01 21:00:00,60,64.8347734449,4.83477344485,0,-1,0
2015-09-01 21:05:00,62,64.9906211582,2.99062115816,0,-1,0
2015-09-01 21:10:00,65,62.5840295777,2.41597042228,0,-1,0
2015-09-01 21:15:00,56,64.4943563081,8.49435630806,0,-1,0
2015-09-01 21:20:00,66,55.6501896418,10.3498103582,0,-1,0
2015-09-01 21:25:00,66,59.3498500952,6.65014990478,0,-1,0
2015-09-01 21:30:00,60,65.9141589215,5.9141589215,0,-1,0
2015-09-01 21:35:00,70,72.4359559449,2.43595594492,0,-1,0
2015-09-01 21:59:00,63,64.2854765637,1.28547656368,0,-1,0
2015-09-01 22:10:00,64,56.1831899763,7.81681002366,0,-1,0
2015-09-01 22:20:00,58,63.801845691,5.80184569096,0,-1,0
2015-09-01 22:25:00,60,59.541207266,0.458792734034,0,-1,0
2015-09-01 22:40:00,60,68.2562954989,8.25629549889,0,-1,0
2015-09-01 22:45:00,59,58.3304659765,0.669534023542,0,-1,0
2015-09-01 22:50:00,60,57.6877926882,2.31220731175,0,-1,0
2015-09-01 23:01:00,56,47.5639881411,8.43601185894,0,-1,0
2015-09-01 23:05:00,58,57.598456866,0.401543134037,0,-1,0
2015-09-01 23:10:00,62,58.6902767762,3.30972322377,0,-1,0
2015-09-01 23:15:00,56,62.1120437252,6.11204372522,0,-1,0
2015-09-02 00:05:00,75,61.7725265757,13.2274734243,0,-1,0
2015-09-02 00:10:00,57,63.4599101438,6.45991014384,0,-1,0
2015-09-02 00:30:00,59,50.9811076408,8.01889235921,0,-1,0
2015-09-02 01:25:00,62,54.9715654205,7.02843457954,0,-1,0
2015-09-02 01:35:00,66,62.9541805761,3.04581942385,0,-1,0
2015-09-02 02:30:00,59,56.8050860513,2.19491394866,0,-1,0
2015-09-02 02:40:00,58,48.4917897255,9.5082102745,0,-1,0
2015-09-02 02:50:00,61,50.9043182927,10.0956817073,0,-1,0
2015-09-02 03:05:00,53,60.2215996189,7.22159961886,0,-1,0
2015-09-02 03:10:00,53,48.4592173091,4.54078269089,0,-1,0
2015-09-02 03:40:00,56,58.8438476015,2.8438476015,0,-1,0
2015-09-02 03:50:00,57,60.5603006535,3.56030065351,0,-1,0
2015-09-02 03:55:00,56,66.1277764135,10.1277764135,0,-1,0
2015-09-02 04:05:00,56,59.2505206508,3.2505206508,0,-1,0
2015-09-02 04:20:00,64,52.3930188187,11.6069811813,0,-1,0
2015-09-02 04:25:00,55,61.1786084547,6.17860845466,0,-1,0
2015-09-02 04:40:00,67,56.9147398473,10.0852601527,0,-1,0
2015-09-02 04:45:00,65,67.9946347664,2.99463476641,0,-1,0
2015-09-02 04:50:00,68,65.892268245,2.10773175499,0,-1,0
2015-09-02 04:55:00,61,61.4204683865,0.420468386499,0,-1,0
2015-09-02 05:00:00,63,62.1882604517,0.811739548256,0,-1,0
2015-09-02 05:10:00,66,54.6355536917,11.3644463083,0,-1,0
2015-09-02 05:15:00,60,57.5314766291,2.46852337094,0,-1,0
2015-09-02 05:20:00,62,66.3821504375,4.38215043746,0,-1,0
2015-09-02 05:30:00,69,57.3425137616,11.6574862384,0,-1,0
2015-09-02 05:35:00,64,63.8661943496,0.133805650445,0,-1,0
2015-09-02 05:45:00,62,71.548253397,9.54825339701,0,-1,0
2015-09-02 05:50:00,63,67.0883189449,4.08831894493,0,-1,0
2015-09-02 05:55:00,62,54.5901948884,7.40980511163,0,-1,0
2015-09-02 06:00:00,60,63.312502544,3.31250254397,0,-1,0
2015-09-02 06:05:00,61,53.4261107022,7.57388929781,0,-1,0
2015-09-02 06:10:00,60,62.9078307488,2.90783074884,0,-1,0
2015-09-02 06:20:00,55,65.6112302198,10.6112302198,0,-1,0
2015-09-02 06:25:00,56,61.9449653066,5.94496530659,0,-1,0
2015-09-02 06:30:00,58,54.7056247552,3.29437524482,0,-1,0
2015-09-02 06:40:00,54,62.2022416061,8.20224160612,0,-1,0
2015-09-02 06:45:00,35,55.4015703754,20.4015703754,0,-1,0
2015-09-02 06:50:00,60,57.1389880202,2.86101197981,0,-1,0
2015-09-02 06:55:00,58,59.8410965598,1.84109655982,0,-1,0
2015-09-02 07:00:00,59,62.090683666,3.09068366599,0,-1,0
2015-09-02 07:05:00,34,64.3733082598,30.3733082598,0,-1,0
2015-09-02 07:10:00,31,65.5885412417,34.5885412417,0,-1,0
2015-09-02 07:15:00,52,67.656032752,15.656032752,0,-1,0
2015-09-02 07:20:00,57,53.0877149632,3.91228503676,0,-1,0
2015-09-02 07:25:00,55,51.1930629835,3.8069370165,0,-1,0
2015-09-02 07:30:00,52,57.9015009764,5.90150097639,0,-1,0
2015-09-02 07:35:00,54,57.5437134028,3.54371340277,0,-1,0
2015-09-02 07:40:00,56,59.3223348252,3.32233482522,0,-1,0
2015-09-02 07:45:00,54,58.1966649678,4.19666496784,0,-1,0
2015-09-02 07:50:00,56,58.8591982854,2.85919828545,0,-1,0
2015-09-02 07:55:00,53,67.1389940008,14.1389940008,0,-1,0
2015-09-02 08:00:00,47,55.0438354495,8.04383544954,0,-1,0
2015-09-02 08:05:00,52,51.008467709,0.991532291013,0,-1,0
2015-09-02 08:10:00,52,62.8626376347,10.8626376347,0,-1,0
2015-09-02 08:15:00,58,58.2617862626,0.261786262613,0,-1,0
2015-09-02 08:20:00,52,62.0671352147,10.0671352147,0,-1,0
2015-09-02 08:25:00,55,56.6821944571,1.68219445713,0,-1,0
2015-09-02 08:30:00,47,60.9863782849,13.9863782849,0,-1,0
2015-09-02 08:35:00,53,66.4689384615,13.4689384615,0,-1,0
2015-09-02 08:40:00,49,61.8705043602,12.8705043602,0,-1,0
2015-09-02 08:45:00,49,62.6295723519,13.6295723519,0,-1,0
2015-09-02 08:50:00,55,61.5344022814,6.53440228137,0,-1,0
2015-09-02 08:55:00,51,60.3151730979,9.31517309791,0,-1,0
2015-09-02 09:00:00,53,62.425235428,9.42523542798,0,-1,0
2015-09-02 09:05:00,53,59.3759607717,6.37596077173,0,-1,0
2015-09-02 09:10:00,46,74.0381330872,28.0381330872,0,-1,0
2015-09-02 09:15:00,52,53.2297463086,1.22974630863,0,-1,0
2015-09-02 09:25:00,61,57.6907688242,3.30923117576,0,-1,0
2015-09-02 09:30:00,63,63.4915683869,0.491568386902,0,-1,0
2015-09-02 09:35:00,62,63.2099994399,1.20999943994,0,-1,0
2015-09-02 09:40:00,62,60.7632960174,1.23670398262,0,-1,0
2015-09-02 09:55:00,67,60.7962726161,6.20372738388,0,-1,0
2015-09-02 10:00:00,61,72.7432489907,11.7432489907,0,-1,0
2015-09-02 10:05:00,63,64.866545732,1.86654573197,0,-1,0
2015-09-02 10:10:00,59,54.7089764821,4.29102351785,0,-1,0
2015-09-02 10:15:00,61,63.8699547809,2.86995478092,0,-1,0
2015-09-02 10:20:00,61,58.516999864,2.48300013596,0,-1,0
2015-09-02 10:25:00,61,61.8546552712,0.854655271246,0,-1,0
2015-09-02 10:30:00,61,66.3959691131,5.39596911313,0,-1,0
2015-09-02 10:35:00,63,54.2821296846,8.71787031537,0,-1,0
2015-09-02 10:40:00,63,59.3831128474,3.6168871526,0,-1,0
2015-09-02 10:45:00,61,51.366516696,9.63348330399,0,-1,0
2015-09-02 10:50:00,63,61.3550053724,1.64499462765,0,-1,0
2015-09-02 10:55:00,67,60.2807566771,6.71924332286,0,-1,0
2015-09-02 11:00:00,59,61.9155732306,2.91557323058,0,-1,0
2015-09-02 11:10:00,62,61.4295558261,0.570444173911,0,-1,0
2015-09-02 11:15:00,63,65.691622844,2.69162284403,0,-1,0
2015-09-02 11:25:00,65,60.4743871615,4.52561283854,0,-1,0
2015-09-02 11:30:00,58,62.972334187,4.97233418699,0,-1,0
2015-09-02 11:40:00,64,65.0093539129,1.00935391287,0,-1,0
2015-09-02 11:45:00,62,55.062225198,6.93777480198,0,-1,0
2015-09-02 11:50:00,62,51.6852759832,10.3147240168,0,-1,0
2015-09-02 11:55:00,57,61.0165866663,4.01658666626,0,-1,0
2015-09-02 12:00:00,62,65.8051663608,3.80516636078,0,-1,0
2015-09-02 12:05:00,61,67.0288357695,6.02883576947,0,-1,0
2015-09-02 12:15:00,56,64.8825167117,8.88251671174,0,-1,0
2015-09-02 12:20:00,62,60.7175753265,1.28242467354,0,-1,0
2015-09-02 12:25:00,60,61.0194321077,1.01943210771,0,-1,0
2015-09-02 12:30:00,64,64.1033287255,0.103328725458,0,-1,0
2015-09-02 12:35:00,61,54.1726542285,6.82734577147,0,-1,0
2015-09-02 12:40:00,64,61.8589107427,2.14108925726,0,-1,0
2015-09-02 12:50:00,62,60.3443628371,1.65563716288,0,-1,0
2015-09-02 12:55:00,65,60.5218205586,4.47817944137,0,-1,0
2015-09-02 13:00:00,62,66.5682999685,4.5682999685,0,-1,0
2015-09-02 13:05:00,52,54.3814120087,2.38141200873,0,-1,0
2015-09-02 13:10:00,60,55.7953048427,4.20469515725,0,-1,0
2015-09-02 13:15:00,61,57.7569894161,3.24301058387,0,-1,0
2015-09-02 13:20:00,60,58.7732428021,1.22675719793,0,-1,0
2015-09-02 13:25:00,62,63.3105089481,1.31050894811,0,-1,0
2015-09-02 13:30:00,62,67.6048761457,5.6048761457,0,-1,0
2015-09-02 13:35:00,62,56.3298824102,5.67011758977,0,-1,0
2015-09-02 13:40:00,65,69.0906832038,4.09068320376,0,-1,0
2015-09-02 13:55:00,57,64.4861758276,7.48617582763,0,-1,0
2015-09-02 14:00:00,64,72.1270336187,8.12703361866,0,-1,0
2015-09-02 14:05:00,63,63.597479483,0.597479483021,0,-1,0
2015-09-02 14:10:00,63,53.6516309916,9.34836900838,0,-1,0
2015-09-02 14:15:00,61,59.5709039824,1.42909601763,0,-1,0
2015-09-02 14:20:00,61,59.8588379671,1.14116203288,0,-1,0
2015-09-02 14:25:00,64,62.1338325922,1.8661674078,0,-1,0
2015-09-02 14:30:00,57,57.4099240736,0.409924073617,0,-1,0
2015-09-02 14:35:00,62,55.6644557448,6.33554425519,0,-1,0
2015-09-02 14:40:00,60,61.418769164,1.41876916395,0,-1,0
2015-09-02 14:45:00,61,53.111688766,7.888311234,0,-1,0
2015-09-02 14:50:00,60,67.1770513724,7.17705137237,0,-1,0
2015-09-02 15:00:00,65,55.9493968639,9.05060313609,0,-1,0
2015-09-02 15:05:00,61,48.6887558356,12.3112441644,0,-1,0
2015-09-02 15:10:00,62,53.6331735839,8.36682641611,0,-1,0
2015-09-02 15:15:00,59,58.0915662363,0.908433763705,0,-1,0
2015-09-02 15:20:00,57,54.0604314233,2.93956857667,0,-1,0
2015-09-02 15:25:00,60,63.7450536134,3.74505361341,0,-1,0
2015-09-02 15:30:00,61,60.6906018182,0.309398181806,0,-1,0
2015-09-02 15:35:00,61,52.3888354511,8.61116454886,0,-1,0
2015-09-02 15:40:00,63,60.0642836189,2.93571638113,0,-1,0
2015-09-02 15:45:00,61,54.4930537901,6.50694620993,0,-1,0
2015-09-02 15:50:00,67,57.0133768936,9.98662310644,0,-1,0
2015-09-02 15:55:00,60,69.814294473,9.81429447295,0,-1,0
2015-09-02 16:00:00,65,60.1375345304,4.86246546957,0,-1,0
2015-09-02 16:05:00,64,54.1781621093,9.82183789071,0,-1,0
2015-09-02 16:10:00,63,67.7338939568,4.73389395678,0,-1,0
2015-09-02 16:15:00,65,52.97877565,12.02122435,0,-1,0
2015-09-02 16:20:00,62,55.4094888206,6.59051117936,0,-1,0
2015-09-02 16:25:00,64,53.5498563307,10.4501436693,0,-1,0
2015-09-02 16:30:00,60,59.1386902031,0.861309796927,0,-1,0
2015-09-02 16:35:00,65,66.2733430586,1.27334305864,0,-1,0
2015-09-02 16:40:00,59,60.6924352064,1.69243520643,0,-1,0
2015-09-02 16:45:00,60,66.3857926535,6.38579265353,0,-1,0
2015-09-02 16:50:00,57,66.1351804708,9.13518047085,0,-1,0
2015-09-02 16:55:00,57,63.9209216223,6.92092162229,0,-1,0
2015-09-02 17:00:00,64,62.8781958163,1.12180418371,0,-1,0
2015-09-02 17:05:00,60,64.6412211274,4.64122112741,0,-1,0
2015-09-02 17:10:00,61,60.6772672576,0.322732742427,0,-1,0
2015-09-02 17:15:00,64,61.1314595719,2.86854042806,0,-1,0
2015-09-02 17:20:00,59,65.4448615315,6.44486153148,0,-1,0
2015-09-02 17:25:00,64,70.6857551513,6.68575515132,0,-1,0
2015-09-02 17:30:00,63,65.9376619185,2.93766191847,0,-1,0
2015-09-02 17:35:00,64,62.9062013507,1.09379864934,0,-1,0
2015-09-02 17:40:00,64,57.4231459443,6.57685405565,0,-1,0
2015-09-02 17:45:00,63,66.1219170916,3.12191709162,0,-1,0
2015-09-02 17:50:00,66,54.653655263,11.346344737,0,-1,0
2015-09-02 18:05:00,61,69.8359581745,8.83595817455,0,-1,0
2015-09-02 18:10:00,62,67.4197646475,5.41976464747,0,-1,0
2015-09-02 18:15:00,64,64.9829528656,0.982952865585,0,-1,0
2015-09-02 18:30:00,64,57.1777133247,6.82228667531,0,-1,0
2015-09-02 18:35:00,64,67.5276441498,3.52764414975,0,-1,0
2015-09-02 18:45:00,66,62.6098396401,3.3901603599,0,-1,0
2015-09-02 18:55:00,67,56.7199360894,10.2800639106,0,-1,0
2015-09-02 19:00:00,65,58.6344733739,6.36552662606,0,-1,0
2015-09-02 19:05:00,64,61.9045491027,2.0954508973,0,-1,0
2015-09-02 19:10:00,65,59.067340102,5.93265989804,0,-1,0
2015-09-02 19:21:00,65,58.5673699957,6.43263000432,0,-1,0
2015-09-02 19:36:00,60,62.3130297792,2.31302977919,0,-1,0
2015-09-02 19:41:00,65,60.3139096119,4.6860903881,0,-1,0
2015-09-02 19:51:00,58,60.9549890236,2.95498902359,0,-1,0
2015-09-02 20:01:00,59,56.5333914611,2.46660853886,0,-1,0
2015-09-02 20:06:00,61,51.4951186697,9.50488133028,0,-1,0
2015-09-02 20:11:00,62,59.5857840875,2.41421591253,0,-1,0
2015-09-02 20:16:00,54,60.4317651515,6.43176515149,0,-1,0
2015-09-02 20:21:00,64,57.2850496307,6.71495036931,0,-1,0
2015-09-02 20:26:00,61,65.8758345557,4.87583455573,0,-1,0
2015-09-02 20:36:00,60,61.9956845366,1.99568453663,0,-1,0
2015-09-02 20:41:00,65,63.1568537344,1.84314626562,0,-1,0
2015-09-02 20:46:00,66,68.5817005163,2.5817005163,0,-1,0
2015-09-02 20:56:00,63,56.6796225864,6.32037741356,0,-1,0
2015-09-02 21:06:00,65,57.8433478484,7.15665215163,0,-1,0
2015-09-02 21:21:00,55,63.9592065709,8.95920657094,0,-1,0
2015-09-02 21:26:00,66,57.2635702329,8.73642976706,0,-1,0
2015-09-02 21:36:00,61,68.2319837197,7.23198371973,0,-1,0
2015-09-02 21:51:00,64,55.6533920626,8.34660793741,0,-1,0
2015-09-02 22:01:00,62,71.275285781,9.27528578096,0,-1,0
2015-09-02 22:06:00,63,59.5736523901,3.42634760989,0,-1,0
2015-09-02 22:11:00,57,62.8462755576,5.8462755576,0,-1,0
2015-09-02 22:26:00,61,57.6923645358,3.30763546419,0,-1,0
2015-09-02 22:41:00,60,66.9396704438,6.93967044381,0,-1,0
2015-09-02 22:51:00,67,69.333205387,2.33320538699,0,-1,0
2015-09-02 23:01:00,64,65.3208126539,1.32081265389,0,-1,0
2015-09-02 23:11:00,58,55.0214749922,2.97852500776,0,-1,0
2015-09-02 23:16:00,64,54.2610337976,9.73896620236,0,-1,0
2015-09-02 23:26:00,60,53.0439171416,6.95608285841,0,-1,0
2015-09-02 23:41:00,58,64.1787185253,6.17871852529,0,-1,0
2015-09-03 00:11:00,57,64.8115160119,7.81151601191,0,-1,0
2015-09-03 00:21:00,67,60.0579552272,6.94204477275,0,-1,0
2015-09-03 00:26:00,56,55.8654759893,0.134524010656,0,-1,0
2015-09-03 00:36:00,55,61.6458003501,6.64580035006,0,-1,0
2015-09-03 00:56:00,62,56.8585098347,5.14149016528,0,-1,0
2015-09-03 01:01:00,45,59.0815636162,14.0815636162,0,-1,0
2015-09-03 01:06:00,60,60.783622463,0.783622462991,0,-1,0
2015-09-03 01:16:00,61,55.4055054662,5.59449453377,0,-1,0
2015-09-03 01:31:00,63,64.9011963844,1.9011963844,0,-1,0
2015-09-03 01:56:00,63,53.6311189921,9.36888100788,0,-1,0
2015-09-03 02:36:00,60,67.2773448495,7.27734484952,0,-1,0
2015-09-03 02:46:00,58,61.0332612462,3.0332612462,0,-1,0
2015-09-03 02:56:00,66,58.8195312388,7.18046876115,0,-1,0
2015-09-03 03:16:00,58,61.8506682137,3.85066821371,0,-1,0
2015-09-03 03:31:00,61,58.9274552689,2.07254473109,0,-1,0
2015-09-03 03:41:00,67,56.8974390049,10.1025609951,0,-1,0
2015-09-03 03:46:00,62,61.1745857827,0.825414217291,0,-1,0
2015-09-03 04:11:00,61,62.0118764997,1.01187649972,0,-1,0
2015-09-03 04:31:00,64,59.9767592151,4.02324078488,0,-1,0
2015-09-03 04:46:00,69,60.9545135664,8.04548643356,0,-1,0
2015-09-03 05:01:00,61,56.9037684156,4.09623158442,0,-1,0
2015-09-03 05:11:00,64,67.1972636422,3.19726364223,0,-1,0
2015-09-03 05:31:00,65,70.7110451996,5.7110451996,0,-1,0
2015-09-03 05:36:00,66,60.924713396,5.07528660403,0,-1,0
2015-09-03 05:41:00,67,50.4929745044,16.5070254956,0,-1,0
2015-09-03 05:51:00,65,62.4236200733,2.57637992671,0,-1,0
2015-09-03 05:56:00,68,64.0590554652,3.94094453479,0,-1,0
2015-09-03 06:01:00,67,73.2762370661,6.27623706606,0,-1,0
2015-09-03 06:06:00,64,55.2498722751,8.75012772491,0,-1,0
2015-09-03 06:11:00,66,50.543445133,15.456554867,0,-1,0
2015-09-03 06:16:00,72,63.6714323886,8.32856761142,0,-1,0
2015-09-03 06:21:00,58,47.0624519476,10.9375480524,0,-1,0
2015-09-03 06:26:00,64,51.958926461,12.041073539,0,-1,0
2015-09-03 06:36:00,62,60.6047113749,1.39528862511,0,-1,0
2015-09-03 06:41:00,74,51.3813752593,22.6186247407,0,-1,0
2015-09-03 06:51:00,65,61.6085411153,3.39145888473,0,-1,0
2015-09-03 07:06:00,68,50.8620055478,17.1379944522,0,-1,0
2015-09-03 07:11:00,61,55.706741122,5.29325887805,0,-1,0
2015-09-03 07:16:00,64,57.8408619784,6.15913802165,0,-1,0
2015-09-03 07:21:00,59,67.1469280598,8.14692805982,0,-1,0
2015-09-03 07:26:00,67,63.3422552823,3.65774471769,0,-1,0
2015-09-03 07:31:00,63,58.2324680404,4.76753195964,0,-1,0
2015-09-03 07:36:00,63,53.8365265165,9.16347348351,0,-1,0
2015-09-03 07:41:00,66,52.8058548998,13.1941451002,0,-1,0
2015-09-03 07:46:00,59,57.1882028081,1.81179719191,0,-1,0
2015-09-03 07:51:00,63,58.6522843802,4.34771561984,0,-1,0
2015-09-03 07:56:00,66,60.2293014308,5.77069856924,0,-1,0
2015-09-03 08:01:00,61,64.9437955832,3.94379558319,0,-1,0
2015-09-03 08:06:00,61,50.9652084409,10.0347915591,0,-1,0
2015-09-03 08:31:00,63,62.3168446597,0.683155340318,0,-1,0
2015-09-03 08:36:00,56,66.3163245752,10.3163245752,0,-1,0
2015-09-03 08:41:00,63,66.0216032935,3.02160329351,0,-1,0
2015-09-03 08:46:00,61,65.4346199651,4.43461996515,0,-1,0
2015-09-03 08:51:00,65,71.4614808308,6.46148083079,0,-1,0
2015-09-03 09:01:00,62,56.5645630284,5.43543697161,0,-1,0
2015-09-03 09:11:00,65,71.8020032656,6.80200326559,0,-1,0
2015-09-03 09:16:00,64,65.8251340695,1.8251340695,0,-1,0
2015-09-03 09:21:00,65,62.4186416132,2.58135838676,0,-1,0
2015-09-03 09:26:00,62,61.3982603245,0.601739675496,0,-1,0
2015-09-03 09:31:00,66,61.1858705606,4.81412943938,0,-1,0
2015-09-03 09:36:00,66,59.2972613755,6.7027386245,0,-1,0
2015-09-03 09:46:00,63,52.9759685442,10.0240314558,0,-1,0
2015-09-03 09:51:00,60,54.4496089339,5.55039106607,0,-1,0
2015-09-03 09:56:00,65,62.6212801469,2.37871985305,0,-1,0
2015-09-03 10:01:00,66,57.4707766154,8.52922338459,0,-1,0
2015-09-03 10:06:00,60,54.2164014987,5.78359850134,0,-1,0
2015-09-03 10:11:00,61,55.5244728928,5.47552710724,0,-1,0
2015-09-03 10:21:00,66,67.5003367814,1.5003367814,0,-1,0
2015-09-03 10:26:00,67,59.6568232141,7.34317678593,0,-1,0
2015-09-03 10:36:00,63,62.3141157638,0.685884236224,0,-1,0
2015-09-03 10:41:00,61,64.8789323525,3.87893235248,0,-1,0
2015-09-03 10:46:00,59,60.55124184,1.55124183995,0,-1,0
2015-09-03 10:51:00,60,63.9380837687,3.93808376874,0,-1,0
2015-09-03 10:56:00,60,61.2710386459,1.27103864595,0,-1,0
2015-09-03 11:06:00,63,60.6990043113,2.30099568874,0,-1,0
2015-09-03 11:11:00,63,66.6027787665,3.60277876654,0,-1,0
2015-09-03 11:16:00,61,60.6560679385,0.343932061526,0,-1,0
2015-09-03 11:26:00,61,62.9019593427,1.90195934273,0,-1,0
2015-09-03 11:31:00,61,58.7472839871,2.25271601291,0,-1,0
2015-09-03 11:36:00,62,62.4049317645,0.404931764458,0,-1,0
2015-09-03 11:41:00,61,62.9743246576,1.97432465763,0,-1,0
2015-09-03 11:46:00,63,59.414798498,3.58520150195,0,-1,0
2015-09-03 11:51:00,63,54.9799205248,8.02007947525,0,-1,0
2015-09-03 12:01:00,64,51.9262987142,12.0737012858,0,-1,0
2015-09-03 12:06:00,63,55.1204783309,7.87952166906,0,-1,0
2015-09-03 12:11:00,65,65.6048030113,0.604803011277,0,-1,0
2015-09-03 12:16:00,65,71.2733993433,6.2733993433,0,-1,0
2015-09-03 12:21:00,66,53.3964446221,12.6035553779,0,-1,0
2015-09-03 12:26:00,62,63.0421628666,1.04216286659,0,-1,0
2015-09-03 12:31:00,63,68.2416372744,5.24163727437,0,-1,0
2015-09-03 12:36:00,63,61.2779104649,1.72208953509,0,-1,0
2015-09-03 12:41:00,63,60.1026799697,2.89732003034,0,-1,0
2015-09-03 12:51:00,61,70.9521648604,9.95216486042,0,-1,0
2015-09-03 12:56:00,62,60.5698342209,1.43016577912,0,-1,0
2015-09-03 13:06:00,67,70.3421798846,3.34217988461,0,-1,0
2015-09-03 13:11:00,68,67.6963028606,0.303697139437,0,-1,0
2015-09-03 13:26:00,64,60.998896036,3.001103964,0,-1,0
2015-09-03 13:31:00,62,60.596642457,1.40335754297,0,-1,0
2015-09-03 13:36:00,63,64.3613333996,1.36133339957,0,-1,0
2015-09-03 13:41:00,66,58.5429694127,7.45703058727,0,-1,0
2015-09-03 13:46:00,61,62.1500561933,1.15005619331,0,-1,0
2015-09-03 13:51:00,62,71.1408431753,9.14084317534,0,0,0
2015-09-03 14:01:00,61,62.9140843175,1.91408431753,0,0,0
2015-09-03 14:06:00,63,66.1626768425,3.1626768425,0,0,0
2015-09-03 14:11:00,61,63.3162676843,2.31626768425,0,0,0
2015-09-03 14:16:00,65,57.5471552686,7.45284473144,0,4,0
2015-09-03 14:21:00,52,57.5075309823,5.50753098228,0,5,0
2015-09-03 14:26:00,67,64.2547155269,2.74528447314,0,4,0
2015-09-03 14:31:00,69,66.7254715527,2.27452844731,0,4,0
2015-09-03 14:41:00,65,68.7725471553,3.77254715527,0,4,0
2015-09-03 14:51:00,63,60.0008084981,2.99919150191,0,0,0
2015-09-03 14:56:00,65,65.3772547155,0.377254715527,0,4,0
2015-09-03 15:01:00,66,65.0377254716,0.962274528447,0,4,0
2015-09-03 15:06:00,57,72.6262915575,15.6262915575,0,12,0
2015-09-03 15:11:00,61,62.7000808498,1.70008084981,0,0,0
2015-09-03 15:21:00,63,64.0306197987,1.03061979867,0,0,0
2015-09-03 15:26:00,62,65.0049405718,3.00494057184,0,0,0
2015-09-03 15:36:00,61,62.3004940572,1.30049405718,0,0,0
2015-09-03 15:41:00,62,63.0449205907,1.04492059066,0,0,0
2015-09-03 15:51:00,64,63.6083249995,0.39167500051,0,0,0
2015-09-03 15:56:00,62,65.0450138198,3.04501381985,0,0,0
2015-09-03 16:01:00,67,65.9037725472,1.09622745284,0,4,0
2015-09-03 16:06:00,63,62.9368905647,0.0631094353496,0,0,0
2015-09-03 16:11:00,64,63.4934567842,0.506543215831,0,0,0
2015-09-03 16:16:00,65,66.8903772547,1.89037725472,0,4,0
2015-09-03 16:26:00,69,65.1890377255,3.81096227453,0,4,0
2015-09-03 16:36:00,65,68.6189037725,3.61890377255,0,4,0
2015-09-03 16:41:00,60,63.9493456784,3.94934567842,0,0,0
2015-09-03 16:46:00,65,65.3618903773,0.361890377255,0,4,0
2015-09-03 16:51:00,62,61.0935737135,0.906426286514,0,0,0
2015-09-03 17:01:00,66,65.0361890377,0.963810962275,0,4,0
2015-09-03 17:06:00,66,65.9036189038,0.0963810962274,0,4,0
2015-09-03 17:11:00,65,65.9903618904,0.990361890377,0,4,0
2015-09-03 17:21:00,64,62.4512334626,1.54876653737,0,0,0
2015-09-03 17:26:00,61,63.8451233463,2.84512334626,0,0,0
2015-09-03 17:36:00,64,61.8322068824,2.16779311762,0,0,0
2015-09-03 17:41:00,63,64.113993614,1.11399361402,0,0,0
2015-09-03 17:46:00,67,65.099036189,1.90096381096,0,4,0
2015-09-03 17:51:00,63,63.4674905412,0.467490541198,0,0,0
2015-09-03 17:56:00,66,66.8099036189,0.809903618904,0,4,0
2015-09-03 18:01:00,66,66.0809903619,0.0809903618904,0,4,0
2015-09-03 18:06:00,65,66.0080990362,1.00809903619,0,4,0
2015-09-03 18:11:00,64,63.4369890705,0.563010929526,0,0,0
2015-09-03 18:16:00,66,65.1008099036,0.899190096381,0,4,0
2015-09-03 18:21:00,67,65.9100809904,1.08991900964,0,4,0
2015-09-03 18:26:00,63,64.2591307476,1.25913074755,0,0,0
2015-09-03 18:31:00,63,63.4694407579,0.469440757873,0,0,0
2015-09-03 18:36:00,64,63.3772448567,0.622755143337,0,0,0
2015-09-03 18:46:00,65,66.891008099,1.89100809904,0,4,0
2015-09-03 18:51:00,67,65.1891008099,1.8108991901,0,4,0
2015-09-03 18:56:00,64,63.8259015747,0.174098425322,0,0,0
2015-09-03 19:01:00,69,66.818910081,2.18108991901,0,4,0
2015-09-03 19:06:00,62,63.8749541908,1.87495419077,0,0,0
2015-09-03 19:11:00,62,62.1663472117,0.166347211705,0,0,0
2015-09-03 19:16:00,66,68.7818910081,2.7818910081,0,4,0
2015-09-03 19:21:00,66,66.2781891008,0.27818910081,0,4,0
2015-09-03 19:31:00,71,61.8648906262,9.13510937378,0,55,0
2015-09-03 19:42:00,69,66.0278189101,2.97218108992,0,4,0
2015-09-03 19:47:00,64,62.0138747093,1.98612529065,0,0,0
2015-09-03 19:57:00,63,63.7243777617,0.724377761695,0,0,0
2015-09-03 20:02:00,65,68.702781891,3.70278189101,0,4,0
2015-09-03 20:07:00,63,62.9191406539,0.0808593461103,0,0,0
2015-09-03 20:17:00,63,62.8474635212,0.152536478824,0,0,0
2015-09-03 20:42:00,62,62.8456862096,0.845686209644,0,0,0
2015-09-03 20:47:00,66,65.3702781891,0.629721810899,0,4,0
2015-09-03 20:57:00,67,65.9370278189,1.06297218109,0,4,0
2015-09-03 21:07:00,60,62.084568621,2.08456862096,0,0,0
2015-09-03 21:12:00,61,60.2084568621,0.791543137904,0,0,0
2015-09-03 21:17:00,69,66.8937027819,2.10629721811,0,4,0
2015-09-03 21:22:00,62,61.0104259786,0.989574021418,0,0,0
2015-09-03 21:27:00,62,61.9536415231,0.0463584769056,0,0,0
2015-09-03 21:32:00,70,67.3119265635,2.68807343648,0,55,0
2015-09-03 21:37:00,65,68.7893702782,3.78937027819,0,4,0
2015-09-03 21:42:00,66,65.3789370278,0.621062972181,0,4,0
2015-09-03 21:47:00,69,65.9378937028,3.06210629722,0,4,0
2015-09-03 22:02:00,60,61.9953641523,1.99536415231,0,0,0
2015-09-03 22:12:00,63,60.3085958685,2.69140413152,0,0,0
2015-09-03 22:22:00,64,62.7551453019,1.24485469806,0,0,0
2015-09-03 23:02:00,62,63.8632708497,1.86327084971,0,0,0
2015-09-03 23:22:00,62,62.0712089496,0.0712089495641,0,0,0
2015-09-03 23:37:00,59,62.007120895,3.00712089496,0,0,0
2015-09-03 23:42:00,54,58.5626291557,4.56262915575,0,12,0
2015-09-03 23:47:00,61,59.3007120895,1.6992879105,0,0,0
2015-09-04 00:02:00,68,68.6937893703,0.693789370278,0,4,0
2015-09-04 00:17:00,63,60.7573217549,2.2426782451,0,0,0
2015-09-04 00:27:00,63,62.6501123722,0.349887627821,0,0,0
2015-09-04 01:02:00,61,62.9650112372,1.96501123722,0,0,0
2015-09-04 01:17:00,59,61.1965011237,2.19650112372,0,0,0
2015-09-04 01:37:00,58,55.8554838338,2.14451616621,0,12,0
2015-09-04 01:42:00,59,59.2196501124,0.219650112372,0,0,0
2015-09-04 01:57:00,67,68.069378937,1.06937893703,0,4,0
2015-09-04 02:02:00,62,59.0623433817,2.93765661829,0,0,0
2015-09-04 02:22:00,70,67.0101505606,2.98984943939,0,55,0
2015-09-04 03:57:00,51,52.5585820435,1.5585820435,0,5,0
2015-09-04 04:12:00,64,61.6731862491,2.32681375094,0,0,0
2015-09-04 04:17:00,64,63.6812313823,0.318768617664,0,0,0
2015-09-04 04:22:00,60,63.9681231382,3.96812313823,0,0,0
2015-09-04 04:27:00,49,51.1558582043,2.15585820435,0,5,0
2015-09-04 04:32:00,61,60.3968123138,0.603187686177,0,0,0
2015-09-04 04:37:00,66,67.1069378937,1.1069378937,0,4,0
2015-09-04 04:52:00,64,60.8198374711,3.18016252887,0,0,0
2015-09-04 05:17:00,68,66.1106937894,1.88930621063,0,4,0
2015-09-04 05:22:00,63,63.4975870747,0.497587074741,0,0,0
2015-09-04 05:27:00,68,67.8110693789,0.188930621063,0,4,0
2015-09-04 05:42:00,62,62.8856037414,0.885603741352,0,0,0
2015-09-04 05:52:00,64,67.9811069379,3.98110693789,0,4,0
2015-09-04 05:57:00,67,64.3981106938,2.60188930621,0,4,0
2015-09-04 06:02:00,65,66.7398110694,1.73981106938,0,4,0
2015-09-04 06:07:00,63,62.0169867978,0.983013202224,0,0,0
2015-09-04 06:12:00,57,58.0327150102,1.03271501017,0,12,0
2015-09-04 06:17:00,63,62.8140865902,0.185913409761,0,0,0
2015-09-04 06:22:00,63,62.8944678692,0.105532130827,0,0,0
2015-09-04 06:27:00,61,62.9045463954,1.90454639545,0,0,0
2015-09-04 06:32:00,62,61.1469301557,0.853069844315,0,0,0
2015-09-04 06:37:00,62,61.8570986815,0.142901318506,0,0,0
2015-09-04 06:42:00,66,65.1739811069,0.826018893062,0,4,0
2015-09-04 06:47:00,63,61.9838304412,1.0161695588,0,0,0
2015-09-04 06:52:00,62,62.8776577285,0.877657728531,0,0,0
2015-09-04 06:57:00,69,67.923120562,1.07687943801,0,55,0
2015-09-04 07:02:00,65,65.9173981107,0.917398110694,0,4,0
2015-09-04 07:07:00,66,65.0917398111,0.908260188931,0,4,0
2015-09-04 07:12:00,63,62.1752958746,0.824704125418,0,0,0
2015-09-04 07:17:00,65,65.9091739811,0.909173981107,0,4,0
2015-09-04 07:22:00,59,62.9175295875,3.91752958746,0,0,0
2015-09-04 07:32:00,61,59.530271704,1.46972829604,0,0,0
2015-09-04 07:42:00,64,65.0909173981,1.09091739811,0,4,0
2015-09-04 07:47:00,62,60.653000426,1.34699957399,0,0,0
2015-09-04 08:07:00,64,64.1090917398,0.109091739811,0,4,0
2015-09-04 08:12:00,66,64.010909174,1.98909082602,0,4,0
2015-09-04 08:17:00,62,61.813256058,0.186743941969,0,0,0
2015-09-04 08:22:00,64,65.8010909174,1.8010909174,0,4,0
2015-09-04 08:27:00,62,61.9283252205,0.0716747794709,0,0,0
2015-09-04 08:32:00,64,64.1801090917,0.18010909174,0,4,0
2015-09-04 08:37:00,59,61.9928325221,2.99283252205,0,0,0
2015-09-04 08:42:00,63,59.2968707789,3.70312922112,0,0,0
2015-09-04 08:47:00,59,62.6296870779,3.62968707789,0,0,0
2015-09-04 08:57:00,65,64.0180109092,0.981989090826,0,4,0
2015-09-04 09:02:00,64,64.9018010909,0.901801090917,0,4,0
2015-09-04 09:07:00,62,59.4292436491,2.57075635088,0,0,0
2015-09-04 09:22:00,59,61.7429243649,2.74292436491,0,0,0
2015-09-04 09:27:00,62,59.3411178034,2.6588821966,0,0,0
2015-09-04 09:32:00,60,61.7341117803,1.73411178034,0,0,0
2015-09-04 09:42:00,60,57.103271501,2.89672849898,0,12,0
2015-09-04 09:47:00,67,64.0901801091,2.90981989091,0,4,0
2015-09-04 09:52:00,59,49.2276824565,9.77231754355,0,5,0
2015-09-04 09:57:00,63,59.9923902681,3.00760973189,0,12,0
2015-09-04 10:07:00,60,62.6992390268,2.69923902681,0,12,0
2015-09-04 10:12:00,63,60.4438578992,2.55614210084,0,12,0
2015-09-04 10:22:00,63,62.6021882772,0.397811722776,0,12,0
2015-09-04 10:27:00,58,58.0262707341,0.0262707341321,0,5,0
2015-09-04 10:32:00,61,62.9602188277,1.96021882772,0,12,0
2015-09-04 10:42:00,66,60.1984333327,5.80156666728,0,0,0
2015-09-04 10:52:00,60,61.1960218828,1.19602188277,0,12,0
2015-09-04 10:57:00,62,60.6021690654,1.39783093465,0,12,0
2015-09-04 11:02:00,61,61.8602169065,0.860216906535,0,12,0
2015-09-04 11:12:00,61,61.0860216907,0.0860216906535,0,12,0
2015-09-04 11:17:00,62,61.3592667033,0.64073329665,0,12,0
2015-09-04 11:22:00,64,65.4198433333,1.41984333327,0,0,0
2015-09-04 11:27:00,60,61.9359266703,1.93592667033,0,12,0
2015-09-04 11:32:00,62,60.5856259203,1.41437407967,0,12,0
2015-09-04 11:37:00,63,62.0834388225,0.91656117751,0,12,0
2015-09-04 11:42:00,63,63.0373035754,0.0373035753684,0,12,0
2015-09-04 11:52:00,63,63.6965359327,0.696535932692,0,12,0
2015-09-04 11:57:00,70,66.7090180109,3.29098198909,0,4,0
2015-09-04 12:27:00,63,63.7059968132,0.705996813209,0,12,0
2015-09-04 12:37:00,66,64.2880898872,1.71191011279,0,0,0
2015-09-04 12:47:00,68,69.6709018011,1.67090180109,0,4,0
2015-09-04 13:12:00,62,63.6452433837,1.6452433837,0,12,0
2015-09-04 13:17:00,65,65.9393127725,0.939312772518,0,0,0
2015-09-04 13:22:00,63,62.7590237921,0.240976207946,0,12,0
2015-09-04 13:27:00,58,58.0168838229,0.016883822886,0,5,0
2015-09-04 13:37:00,61,62.9759023792,1.97590237921,0,12,0
2015-09-04 13:47:00,63,61.3891441655,1.61085583452,0,12,0
2015-09-04 14:02:00,69,68.1670901801,0.832909819891,0,4,0
2015-09-04 14:12:00,62,62.9369194125,0.936919412521,0,12,0
2015-09-04 14:17:00,64,65.0939312773,1.09393127725,0,0,0
2015-09-04 14:22:00,65,64.1199303736,0.880069626391,0,0,0
2015-09-04 14:27:00,62,62.2246414583,0.224641458338,0,12,0
2015-09-04 14:37:00,68,68.916709018,0.916709018011,0,4,0
2015-09-04 14:47:00,65,64.9099850238,0.0900149761643,0,0,0
2015-09-04 14:52:00,62,62.0855390622,0.0855390621566,0,12,0
2015-09-04 14:57:00,60,62.0085539062,2.00855390622,0,12,0
2015-09-04 15:07:00,68,68.0916709018,0.0916709018011,0,4,0
2015-09-04 15:12:00,63,60.3432727215,2.65672727848,0,12,0
2015-09-04 15:17:00,63,62.7615007139,0.238499286132,0,12,0
2015-09-04 15:27:00,65,64.9654633927,0.0345366073338,0,0,0
2015-09-04 15:32:00,65,64.97144506,0.0285549399991,0,0,0
2015-09-04 15:37:00,66,64.9725458996,1.02745410044,0,0,0
2015-09-04 15:52:00,65,65.8593906581,0.859390658096,0,0,0
2015-09-04 15:57:00,64,65.0859390658,1.08593906581,0,0,0
2015-09-04 16:07:00,66,64.1542625597,1.84573744029,0,0,0
2015-09-04 16:12:00,66,65.8355367235,0.164463276461,0,0,0
2015-09-04 16:17:00,60,62.9761500714,2.97615007139,0,12,0
2015-09-04 16:22:00,62,60.5805574065,1.41944259345,0,12,0
2015-09-04 16:27:00,68,68.0091670902,0.00916709018011,0,4,0
2015-09-04 16:37:00,69,68.000916709,0.999083290982,0,4,0
2015-09-04 17:02:00,67,68.9000916709,1.9000916709,0,4,0
2015-09-04 17:07:00,62,62.0712129149,0.0712129149464,0,12,0
2015-09-04 17:12:00,65,66.0021234957,1.00212349567,0,0,0
2015-09-04 17:17:00,72,67.3740091833,4.62599081669,0,55,0
2015-09-04 17:22:00,64,65.1002123496,1.10021234957,0,0,0
2015-09-04 17:32:00,62,61.9578060574,0.0421939426398,0,12,0
2015-09-04 17:37:00,68,67.1900091671,0.80999083291,0,4,0
2015-09-04 17:42:00,60,61.9957806057,1.99578060574,0,12,0
2015-09-04 17:52:00,69,67.9190009167,1.08099908329,0,4,0
2015-09-04 18:02:00,63,60.2204834398,2.77951656016,0,12,0
2015-09-04 18:07:00,64,64.110021235,0.110021234957,0,0,0
2015-09-04 18:12:00,63,62.6537683839,0.346231616135,0,12,0
2015-09-04 18:17:00,62,63.0255809542,1.0255809542,0,12,0
2015-09-04 18:27:00,67,68.8919000917,1.89190009167,0,4,0
2015-09-04 18:32:00,67,67.1891900092,0.189190009167,0,4,0
2015-09-04 18:42:00,65,64.0218312524,0.978168747591,0,0,0
2015-09-04 18:47:00,66,64.9003563662,1.09964363378,0,0,0
2015-09-04 18:52:00,67,67.0189190009,0.0189190009167,0,4,0
2015-09-04 18:57:00,68,67.0018919001,0.998108099908,0,4,0
2015-09-04 19:12:00,63,62.191795448,0.808204552042,0,12,0
2015-09-04 19:22:00,64,65.8900356366,1.89003563662,0,0,0
2015-09-04 19:37:00,71,70.0950343866,0.90496561336,0,55,0
2015-09-04 19:47:00,67,67.90018919,0.900189190009,0,4,0
2015-09-04 19:52:00,67,67.090018919,0.0900189190009,0,4,0
2015-09-04 19:57:00,60,62.9191795448,2.9191795448,0,12,0
2015-09-04 20:02:00,64,64.1890035637,0.189003563662,0,0,0
2015-09-04 20:12:00,65,63.9959522893,1.00404771071,0,0,0
2015-09-04 20:17:00,65,64.8650357414,0.134964258631,0,0,0
2015-09-04 20:18:00,67,67.0090018919,0.00900189190008,0,4,0
2015-09-04 20:23:00,65,64.9514678278,0.0485321722299,0,0,0
2015-09-04 20:28:00,63,60.4188780074,2.58112199263,0,12,0
2015-09-04 20:33:00,62,62.7891069032,0.789106903207,0,12,0
2015-09-04 21:03:00,68,67.0009001892,0.99909981081,0,4,0
2015-09-04 21:08:00,65,64.9859681192,0.0140318808284,0,0,0
2015-09-04 21:13:00,62,62.145898142,0.145898142015,0,12,0
2015-09-04 21:18:00,62,62.0815603377,0.0815603376886,0,12,0
2015-09-04 21:23:00,66,64.9897412036,1.01025879641,0,0,0
2015-09-04 21:28:00,61,62.0081560338,1.00815603377,0,12,0
2015-09-04 21:38:00,64,65.8989741204,1.89897412036,0,0,0
2015-09-04 21:43:00,66,64.1837025076,1.81629749236,0,0,0
2015-09-04 21:48:00,61,61.1008156034,0.100815603377,0,12,0
2015-09-04 21:53:00,61,61.0100815603,0.0100815603377,0,12,0
2015-09-04 22:03:00,64,65.8183702508,1.81837025076,0,0,0
2015-09-04 22:08:00,52,63.6841215947,11.6841215947,0,238,0
2015-09-04 22:13:00,63,61.0768359549,1.92316404507,0,12,0
2015-09-04 22:23:00,61,62.8076835955,1.80768359549,0,12,0
2015-09-08 10:44:00,65,64.1753938068,0.824606193189,0,0,0
2015-09-08 10:54:00,67,67.9000900189,0.900090018919,0,4,0
2015-09-08 10:59:00,63,61.2146967439,1.78530325608,0,12,0
2015-09-08 11:04:00,64,64.9175393807,0.917539380681,0,0,0
2015-09-08 11:14:00,63,62.8111227773,0.188877222683,0,12,0
2015-09-08 11:19:00,66,64.0711070699,1.92889293006,0,0,0
2015-09-08 11:24:00,63,62.9680113183,0.0319886816523,0,12,0
2015-09-08 11:29:00,68,67.0900090019,0.909990998108,0,4,0
2015-09-08 11:34:00,65,65.7657770243,0.765777024349,0,0,0
2015-09-08 11:49:00,66,65.044925494,0.955074506042,0,0,0
2015-09-08 11:54:00,67,67.9090009002,0.909000900189,0,4,0
2015-09-08 11:59:00,62,63.1001257567,1.10012575669,0,12,0
2015-09-08 12:04:00,65,65.9186157818,0.918615781832,0,0,0
2015-09-08 12:09:00,64,65.0918615782,1.09186157818,0,0,0
2015-09-08 12:19:00,64,64.1091861578,0.109186157818,0,0,0
2015-09-08 12:24:00,62,62.2328108887,0.232810888739,0,12,0
2015-09-08 12:27:00,66,64.0477888455,1.95221115446,0,0,0
2015-09-08 12:32:00,63,62.145206457,0.854793542983,0,12,0
2015-09-08 12:36:00,65,65.8198371553,0.819837155349,0,0,0
2015-09-08 12:46:00,64,65.0819837155,1.08198371553,0,0,0
2015-09-08 12:56:00,67,67.09090009,0.0909000900189,0,4,0
2015-09-08 13:01:00,62,62.9188648186,0.918864818551,0,12,0
2015-09-08 13:06:00,64,64.1081983716,0.108198371553,0,0,0
2015-09-08 13:16:00,62,62.114894195,0.114894194995,0,12,0
2015-09-08 13:21:00,66,63.9999416003,2.00005839966,0,0,0
2015-09-08 13:26:00,62,62.0355710482,0.0355710481944,0,12,0
2015-09-08 13:36:00,66,65.7684071666,0.231592833396,0,0,0
2015-09-08 13:41:00,63,62.0272799212,0.972720078774,0,12,0
2015-09-08 13:51:00,63,62.9064185543,0.0935814457192,0,12,0
2015-09-08 13:56:00,64,65.9768407167,1.97684071666,0,0,0
2015-09-08 14:00:00,63,63.0401332541,0.0401332540921,0,12,0
2015-09-08 14:06:00,63,63.0523323203,0.0523323202525,0,12,0
2015-09-08 14:11:00,63,63.0526659017,0.05266590169,0,12,0
2015-09-08 14:21:00,64,64.1976840717,0.197684071666,0,0,0
2015-09-08 14:26:00,64,64.0197684072,0.0197684071666,0,0,0
2015-09-08 14:31:00,66,64.0176706399,1.98232936006,0,0,0
2015-09-08 14:36:00,64,65.801767064,1.80176706399,0,0,0
2015-09-08 14:41:00,66,64.1938117337,1.80618826626,0,0,0
2015-09-08 14:46:00,57,58.0016883823,1.00168838229,0,5,0
2015-09-08 14:51:00,65,65.8388816438,0.838881643751,0,0,0
2015-09-08 14:56:00,65,65.1112943873,0.111294387299,0,0,0
2015-09-08 15:01:00,64,65.0111294387,1.01112943873,0,0,0
2015-09-08 15:06:00,66,64.1390953931,1.86090460692,0,0,0
2015-09-08 15:11:00,62,63.0954426158,1.09544261577,0,12,0
2015-09-08 15:16:00,65,65.8326509169,0.832650916875,0,0,0
2015-09-08 15:21:00,68,67.009090009,0.990909990998,0,4,0
2015-09-08 15:29:00,66,65.1100115505,0.889988449477,0,0,0
2015-09-08 16:15:00,62,62.2159655145,0.215965514492,0,12,0
2015-09-08 16:36:00,66,65.8953260355,0.104673964538,0,0,0
2015-09-08 16:41:00,67,67.9009090009,0.9009090009,0,4,0
2015-09-08 16:46:00,63,62.068273536,0.931726463996,0,12,0
2015-09-08 16:51:00,62,62.9360981143,0.936098114261,0,12,0
2015-09-08 16:56:00,66,65.9734769809,0.026523019075,0,0,0
2015-09-08 17:11:00,58,57.1074055008,0.892594499151,0,5,0
2015-09-08 17:16:00,64,65.9973476981,1.99734769809,0,0,0
2015-09-08 17:21:00,68,67.0900909001,0.90990909991,0,4,0
2015-09-08 17:26:00,68,67.90900909,0.090990909991,0,4,0
2015-09-08 17:31:00,63,62.1712369186,0.828763081389,0,12,0
2015-09-08 17:36:00,66,64.2218281488,1.77817185122,0,0,0
2015-09-08 17:41:00,65,65.8272377875,0.827237787473,0,0,0
2015-09-08 17:46:00,63,62.9784882778,0.0215117222167,0,12,0
2015-09-08 17:51:00,63,62.9574889124,0.0425110876093,0,12,0
2015-09-08 17:56:00,61,62.9957488912,1.99574889124,0,12,0
2015-09-08 17:57:00,66,65.0827237787,0.917276221253,0,0,0
2015-09-08 18:26:00,66,65.9082723779,0.0917276221253,0,0,0
2015-09-08 18:31:00,65,65.9908272378,0.990827237787,0,0,0
2015-09-08 18:36:00,61,57.9162461217,3.08375387835,0,5,0
2015-09-08 18:41:00,63,61.1995748891,1.80042511088,0,12,0
2015-09-08 18:46:00,65,65.0990827238,0.0990827237787,0,0,0
2015-09-08 18:51:00,61,60.6944133588,0.305586641207,0,5,0
2015-09-08 19:01:00,64,62.8322700184,1.16772998164,0,12,0
2015-09-08 19:06:00,67,64.9949964568,2.00500354317,0,0,0
2015-09-08 19:11:00,66,66.7994996457,0.799499645683,0,0,0
2015-09-08 19:31:00,64,63.8775777375,0.122422262536,0,12,0
2015-09-08 19:36:00,62,63.9877577737,1.98775777375,0,12,0
2015-09-08 19:46:00,61,60.9736035891,0.0263964109369,0,5,0
2015-09-08 19:51:00,63,62.1987757774,0.801224222625,0,12,0
2015-09-08 20:06:00,66,66.0799499646,0.0799499645683,0,0,0
2015-09-08 20:16:00,69,67.990900909,1.009099091,0,4,0
2015-09-08 20:26:00,62,62.9198775777,0.919877577737,0,12,0
2015-09-08 20:36:00,65,66.0079949965,1.00799499646,0,0,0
2015-09-08 20:46:00,63,62.0919877578,0.908012242226,0,12,0
2015-09-08 20:51:00,62,62.9091987758,0.909198775777,0,12,0
2015-09-08 21:01:00,64,62.1431755291,1.85682447088,0,12,0
2015-09-08 21:06:00,68,68.8990900909,0.8990900909,0,4,0
2015-09-08 21:11:00,68,68.0899090091,0.08990900909,0,4,0
2015-09-08 21:26:00,62,63.8143175529,1.81431755291,0,12,0
2015-09-08 21:31:00,65,65.1007994996,0.100799499646,0,0,0
2015-09-08 21:36:00,62,62.1814317553,0.181431755291,0,12,0
2015-09-08 21:41:00,62,62.0181431755,0.0181431755291,0,12,0
2015-09-08 21:46:00,68,68.0089909009,0.008990900909,0,4,0
2015-09-08 21:56:00,65,65.01007995,0.0100799499646,0,0,0
2015-09-08 22:01:00,65,64.9843167545,0.0156832455172,0,0,0
2015-09-08 22:06:00,57,64.4284040503,7.42840405029,0,334,0
2015-09-08 22:12:00,63,62.0418033024,0.958196697589,0,12,0
2015-09-08 22:26:00,58,60.9973603589,2.99736035891,0,5,0
2015-09-08 22:36:00,64,64.9984316754,0.998431675448,0,0,0
2015-09-08 22:51:00,68,68.0008990901,0.000899090090897,0,4,0
2015-09-08 22:56:00,55,57.742840405,2.74284040503,0,334,0
2015-09-08 23:01:00,61,62.9041803302,1.90418033024,0,12,0
2015-09-08 23:06:00,62,61.2427913655,0.757208634526,0,12,0
2015-09-08 23:11:00,65,64.1028330635,0.897166936533,0,0,0
2015-09-09 00:01:00,60,58.3078962658,1.69210373422,0,5,0
2015-09-09 00:11:00,50,66.6662246292,16.6662246292,1,344,0
2015-09-09 00:36:00,61,61.9242791365,0.924279136547,0,12,0
2015-09-09 01:01:00,63,61.1817143712,1.81828562881,0,12,0
2015-09-09 01:11:00,65,64.9276529327,0.0723470672931,0,0,0
2015-09-09 01:51:00,62,62.8788952656,0.878895265554,0,12,0
2015-09-09 02:06:00,56,55.2742840405,0.725715959497,0,334,0
2015-09-09 02:31:00,61,62.0878895266,1.08788952656,0,12,0
2015-09-09 02:46:00,66,64.9953080527,1.00469194726,0,0,0
2015-09-09 06:04:00,66,65.8932778543,0.106722145711,0,0,0
2015-09-09 07:34:00,62,61.1732623441,0.826737655923,0,12,0
2015-09-09 09:48:00,64,65.9893277854,1.98932778543,0,0,0
2015-09-09 09:58:00,62,61.9683202394,0.0316797605962,0,12,0
2015-09-09 10:08:00,60,59.8360855101,0.163914489901,0,5,0
2015-09-09 10:13:00,65,64.2089941541,0.791005845857,0,0,0
2015-09-09 10:18:00,60,59.9887437339,0.0112562661346,0,5,0
2015-09-09 10:23:00,64,64.9208994154,0.920899415414,0,0,0
2015-09-09 10:33:00,66,64.1029993369,1.89700066314,0,0,0
2015-09-09 10:38:00,60,60.0039952943,0.00399529428238,0,5,0
2015-09-09 10:43:00,63,62.0456185726,0.954381427367,0,12,0
2015-09-09 10:48:00,64,65.8102999337,1.81029993369,0,0,0
2015-09-09 10:53:00,65,64.1909834071,0.809016592893,0,0,0
2015-09-09 10:58:00,58,60.0003995294,2.00039952943,0,5,0
2015-09-09 11:03:00,61,62.9045618573,1.90456185726,0,12,0
2015-09-09 11:08:00,60,58.2068798212,1.79312017882,0,5,0
2015-09-09 11:13:00,64,64.9190983407,0.919098340711,0,0,0
2015-09-09 11:18:00,67,68.000089909,1.00008990901,0,4,0
2015-09-09 11:28:00,65,64.0920268399,0.907973160128,0,0,0
2015-09-09 11:33:00,63,61.2338420511,1.76615794885,0,12,0
2015-09-09 11:38:00,62,62.8422947525,0.842294752533,0,12,0
2015-09-09 11:43:00,66,64.9019248477,1.09807515231,0,0,0
2015-09-09 11:48:00,66,65.8740540849,0.125945915073,0,0,0
2015-09-09 11:53:00,61,62.0842294753,1.08422947525,0,12,0
2015-09-09 11:58:00,62,61.1520617719,0.847938228112,0,12,0
2015-09-09 12:03:00,63,61.9468152963,1.05318470369,0,12,0
2015-09-09 12:08:00,60,59.8206749748,0.179325025152,0,5,0
2015-09-09 12:13:00,59,59.9820674975,0.982067497485,0,5,0
2015-09-09 12:18:00,61,62.8946815296,1.89468152963,0,12,0
2015-09-09 12:23:00,62,61.1697568598,0.830243140232,0,12,0
2015-09-09 12:28:00,59,59.0982067497,0.0982067497485,0,5,0
2015-09-09 12:33:00,62,61.8871163175,0.11288368251,0,12,0
2015-09-09 12:38:00,65,65.9307713375,0.930771337521,0,0,0
2015-09-09 12:43:00,63,61.9582250871,1.04177491288,0,12,0
2015-09-09 12:48:00,59,59.009820675,0.00982067497485,0,5,0
2015-09-09 12:53:00,67,67.1000089909,0.100008990901,0,4,0
2015-09-09 12:58:00,61,62.8958225087,1.89582250871,0,12,0
2015-09-09 13:08:00,62,61.1940616052,0.805938394834,0,12,0
2015-09-09 13:13:00,65,65.0609502104,0.0609502104155,0,0,0
2015-09-09 13:18:00,60,59.0038565964,0.996143403635,0,5,0
2015-09-09 13:23:00,63,61.9198543883,1.08014561166,0,12,0
2015-09-09 13:28:00,61,62.8919854388,1.89198543883,0,12,0
2015-09-09 13:33:00,62,61.1988784457,0.801121554291,0,12,0
2015-09-09 13:38:00,64,65.006095021,1.00609502104,0,0,0
2015-09-09 13:43:00,67,67.0100008991,0.0100008990901,0,4,0
2015-09-09 13:53:00,67,67.0010000899,0.00100008990901,0,4,0
2015-09-09 13:58:00,67,67.000100009,0.000100008990898,0,4,0
2015-09-09 14:03:00,65,64.1596674639,0.840332536094,0,0,0
2015-09-09 14:08:00,62,62.0336441554,0.033644155407,0,12,0
2015-09-09 14:13:00,70,70.8905971921,0.890597192073,0,55,0
2015-09-09 14:18:00,66,64.9678819428,1.03211805725,0,0,0
2015-09-09 14:23:00,65,65.875697924,0.875697924013,0,0,0
2015-09-09 14:33:00,68,67.0000100009,0.999989999101,0,4,0
2015-09-09 14:38:00,62,62.0268133556,0.0268133555917,0,12,0
2015-09-09 14:43:00,72,69.3460608662,2.65393913384,0,55,0
2015-09-09 14:48:00,63,62.0258231272,0.974176872842,0,12,0
2015-09-09 14:53:00,64,65.0875697924,1.0875697924,0,0,0
2015-09-09 14:58:00,65,64.1064260088,0.8935739912,0,0,0
2015-09-09 15:03:00,67,67.9000010001,0.90000100009,0,4,0
2015-09-09 15:13:00,63,62.9142329905,0.0857670094546,0,12,0
2015-09-09 15:18:00,63,63.0020066644,0.00200666443466,0,12,0
2015-09-09 15:23:00,64,64.9106426009,0.91064260088,0,0,0
2015-09-09 15:28:00,63,62.9813743419,0.0186256581306,0,12,0
2015-09-09 15:33:00,61,62.9981374342,1.99813743419,0,12,0
2015-09-09 15:48:00,63,61.2028602091,1.7971397909,0,12,0
2015-09-09 15:53:00,65,64.0683944592,0.931605540796,0,0,0
2015-09-09 16:08:00,66,64.8774204516,1.12257954839,0,0,0
2015-09-09 16:13:00,65,65.8503253485,0.850325348524,0,0,0
2015-09-09 16:18:00,65,65.0546562658,0.0546562658241,0,0,0
2015-09-09 16:28:00,64,65.0054656266,1.00546562658,0,0,0
2015-09-09 16:33:00,67,67.0900001,0.090000100009,0,4,0
2015-09-09 16:38:00,66,64.1090908759,1.89090912408,0,0,0
2015-09-09 16:43:00,65,65.8051224491,0.805122449138,0,0,0
2015-09-09 16:48:00,68,67.00900001,0.990999989999,0,4,0
2015-09-09 16:53:00,65,65.0809324057,0.0809324056802,0,0,0
2015-09-09 16:58:00,63,62.8476381587,0.152361841329,0,12,0
2015-09-09 17:08:00,67,67.900900001,0.900900001,0,4,0
2015-09-09 17:18:00,62,63.0099095659,1.00990956586,0,12,0
2015-09-09 17:23:00,65,65.0090591544,0.00905915435838,0,0,0
2015-09-09 17:28:00,67,67.0900900001,0.0900900001,0,4,0
2015-09-09 17:33:00,67,67.009009,0.00900900001,0,4,0
2015-09-09 17:38:00,68,67.0009009,0.999099099999,0,4,0
2015-09-09 17:43:00,70,70.7723971467,0.772397146741,0,55,0
2015-09-09 17:58:00,69,67.90009009,1.09990991,0,4,0
2015-09-09 18:03:00,65,64.9823943153,0.0176056847373,0,0,0
2015-09-09 18:08:00,64,64.9982394315,0.998239431526,0,0,0
2015-09-09 18:23:00,69,68.890009009,0.109990991,0,4,0
2015-09-09 18:28:00,68,68.9890009009,0.9890009009,0,4,0
2015-09-09 18:33:00,66,64.1038411888,1.89615881124,0,0,0
2015-09-09 18:38:00,67,68.0989000901,1.09890009009,0,4,0
2015-09-09 18:48:00,65,65.8008394299,0.800839429895,0,0,0
2015-09-09 18:58:00,65,65.0763176106,0.0763176105833,0,0,0
2015-09-09 19:03:00,67,67.109890009,0.109890009009,0,4,0
2015-09-09 19:08:00,67,67.0109890009,0.0109890009009,0,4,0
2015-09-09 19:13:00,62,62.1301662337,0.130166233661,0,12,0
2015-09-09 19:18:00,64,65.0076317611,1.00763176106,0,0,0
2015-09-09 19:23:00,69,67.0010989001,1.99890109991,0,4,0
2015-09-09 19:28:00,63,62.0985256249,0.901474375135,0,12,0
2015-09-09 19:33:00,67,68.80010989,1.80010989001,0,4,0
2015-09-09 19:43:00,64,64.1007631761,0.100763176106,0,0,0
2015-09-09 19:48:00,67,67.180010989,0.180010989001,0,4,0
2015-09-09 19:58:00,62,62.9841482025,0.98414820247,0,12,0
2015-09-09 20:23:00,72,70.0247341407,1.97526585928,0,55,0
2015-09-09 20:28:00,61,62.0984148202,1.09841482025,0,12,0
2015-09-09 20:33:00,61,61.109841482,0.109841482025,0,12,0
2015-09-09 20:38:00,57,58.7029455342,1.70294553424,0,334,0
2015-09-09 20:43:00,50,65.473905905,15.473905905,1,344,0
2015-09-09 20:48:00,59,59.9003856596,0.900385659636,0,5,0
2015-09-09 20:58:00,57,58.9323129137,1.93231291367,0,334,0
2015-09-09 21:03:00,56,57.1932312914,1.19323129137,0,334,0
2015-09-09 21:13:00,61,61.0109841482,0.0109841482025,0,12,0
2015-09-09 21:18:00,61,61.0010984148,0.00109841482025,0,12,0
2015-09-09 21:28:00,62,61.0358598116,0.964140188352,0,12,0
2015-09-09 21:43:00,63,61.9705923942,1.02940760581,0,12,0
2015-09-09 21:48:00,55,56.1193231291,1.11932312914,0,334,0
2015-09-09 21:53:00,67,67.0180010989,0.0180010989001,0,4,0
2015-09-09 21:58:00,59,59.090038566,0.0900385659637,0,5,0
2015-09-09 22:03:00,59,59.0090038566,0.00900385659637,0,5,0
2015-09-09 22:08:00,61,62.8970592394,1.89705923942,0,12,0
2015-09-09 22:13:00,58,59.0009003857,1.00090038566,0,5,0
2015-09-09 22:23:00,60,58.1096410472,1.89035895277,0,5,0
2015-09-09 22:28:00,49,67.948239014,18.948239014,1,473,0
2015-09-09 22:46:00,62,61.2182828722,0.781717127782,0,12,0
2015-09-09 23:18:00,62,61.9421387671,0.0578612328547,0,12,0
2015-09-09 23:23:00,58,59.8109641047,1.81096410472,0,5,0
2015-09-09 23:28:00,58,58.1810964105,0.181096410472,0,5,0
2015-09-09 23:33:00,68,67.0018001099,0.99819989011,0,4,0
2015-09-09 23:38:00,53,53.1684121595,0.168412159468,0,238,0
2015-09-09 23:48:00,56,55.1119323129,0.888067687086,0,334,0
2015-09-10 00:03:00,57,56.8705809796,0.129419020364,0,334,0
2015-09-10 00:13:00,62,61.9804229847,0.0195770153211,0,12,0
2015-09-10 00:18:00,54,54.8538214255,0.85382142553,0,238,0
2015-09-10 00:23:00,62,61.9611946507,0.0388053493045,0,12,0
2015-09-10 01:48:00,56,56.987058098,0.987058097964,0,334,0
2015-09-10 01:53:00,70,70.6347895744,0.634789574419,0,55,0
2015-09-10 02:08:00,63,61.9597329571,1.04026704289,0,12,0
2015-09-10 02:53:00,72,69.1330052277,2.8669947723,0,55,0
2015-09-10 03:52:00,58,58.018109641,0.0181096410472,0,5,0
2015-09-10 04:34:00,55,56.0987058098,1.0987058098,0,334,0
2015-09-10 05:28:00,61,62.8959732957,1.89597329571,0,12,0
2015-09-10 05:33:00,66,64.0164497678,1.9835502322,0,0,0
2015-09-10 05:33:00,62,61.2273015736,0.772698426418,0,12,0
2015-09-10 05:38:00,66,65.7940899019,0.205910098064,0,0,0
2015-09-10 05:45:00,66,65.9706540664,0.0293459335747,0,0,0
2015-09-10 08:00:00,66,65.9883393087,0.0116606913463,0,0,0
2015-09-10 08:13:00,64,65.9988339309,1.99883393087,0,0,0
2015-09-10 08:18:00,63,61.9528323521,1.04716764793,0,12,0
2015-09-10 08:23:00,60,58.0084667236,1.99153327641,0,5,0
2015-09-10 08:28:00,63,62.9327928337,0.0672071663367,0,12,0
2015-09-10 08:38:00,62,63.0294059776,1.02940597762,0,12,0
2015-09-10 08:43:00,62,62.1473700717,0.14737007174,0,12,0
2015-09-10 08:48:00,63,62.0596167767,0.94038322329,0,12,0
2015-09-10 08:53:00,65,64.2178009515,0.782199048476,0,0,0
2015-09-10 08:58:00,65,64.9340713784,0.0659286215542,0,0,0
2015-09-10 09:03:00,61,62.9059616777,1.90596167767,0,12,0
2015-09-10 09:13:00,64,64.9934071378,0.993407137845,0,0,0
2015-09-10 09:18:00,64,64.0993407138,0.0993407137845,0,0,0
2015-09-10 09:23:00,62,61.2632725244,0.736727475588,0,12,0
2015-09-10 09:28:00,60,59.809422916,0.190577084003,0,5,0
2015-09-10 09:33:00,65,64.0444398115,0.955560188511,0,0,0
2015-09-10 09:38:00,67,67.900180011,0.900180010989,0,4,0
2015-09-10 09:43:00,63,61.9914396239,1.00856037614,0,12,0
2015-09-10 09:48:00,63,62.9542007825,0.0457992174558,0,12,0
2015-09-10 09:52:00,63,63.0490399605,0.0490399605178,0,12,0
2015-09-10 09:57:00,68,67.0900180011,0.909981998901,0,4,0
2015-09-10 10:02:00,61,63.0049039961,2.00490399605,0,12,0
2015-09-10 10:07:00,65,64.8699696053,0.130030394689,0,0,0
2015-09-10 10:12:00,65,64.9521613682,0.0478386318432,0,0,0
2015-09-10 10:17:00,66,64.9606134167,1.03938658334,0,0,0
2015-09-10 10:27:00,67,67.9090018001,0.90900180011,0,4,0
2015-09-10 10:32:00,65,65.8553462868,0.855346286752,0,0,0
2015-09-10 10:37:00,65,65.0510257295,0.0510257294642,0,0,0
2015-09-10 10:42:00,64,65.0051025729,1.00510257295,0,0,0
2015-09-10 10:47:00,62,61.2175869183,0.782413081695,0,12,0
2015-09-10 10:52:00,61,61.9217586918,0.92175869183,0,12,0
2015-09-10 10:57:00,63,61.1099826514,1.89001734855,0,12,0
2015-09-10 11:02:00,64,64.1005102573,0.100510257295,0,0,0
2015-09-10 11:07:00,67,67.09090018,0.090900180011,0,4,0
2015-09-10 11:12:00,62,62.8128825134,0.812882513371,0,12,0
2015-09-10 11:17:00,63,62.089807616,0.910192383977,0,12,0
2015-09-10 11:22:00,65,64.003040372,0.996959627984,0,0,0
2015-09-10 11:27:00,63,62.9100647245,0.0899352754726,0,12,0
2015-09-10 11:32:00,63,62.9886686098,0.0113313902001,0,12,0
2015-09-10 11:37:00,65,64.8849172308,0.11508276925,0,0,0
2015-09-10 11:42:00,62,62.9964336841,0.996433684124,0,12,0
2015-09-10 11:47:00,62,62.1051671839,0.105167183857,0,12,0
2015-09-10 11:52:00,62,62.0168514758,0.0168514757835,0,12,0
2015-09-10 11:57:00,66,64.9726878951,1.02731210493,0,0,0
2015-09-10 12:02:00,64,65.8972687895,1.89726878951,0,0,0
2015-09-10 12:12:00,60,59.9836359756,0.0163640244333,0,5,0
2015-09-10 12:17:00,65,64.1817802417,0.818219758295,0,0,0
2015-09-10 12:32:00,65,64.9053390873,0.0946609126633,0,0,0
2015-09-10 12:37:00,65,64.9773183213,0.0226816786653,0,0,0
2015-09-10 12:47:00,63,62.0110573346,0.988942665435,0,12,0
2015-09-10 12:52:00,59,59.9983635976,0.998363597557,0,5,0
2015-09-10 12:57:00,63,62.9025691953,0.0974308047482,0,12,0
2015-09-10 13:02:00,65,64.9846679966,0.0153320034268,0,0,0
2015-09-10 13:07:00,61,62.9902569195,1.99025691953,0,12,0
2015-09-10 13:12:00,65,64.9854712664,0.0145287336164,0,0,0
2015-09-10 13:17:00,66,64.9733526333,1.02664736666,0,0,0
2015-09-10 13:22:00,62,61.1996286469,0.800371353075,0,12,0
2015-09-10 13:32:00,65,65.8663532044,0.866353204389,0,0,0
2015-09-10 13:37:00,63,61.9146190013,1.08538099871,0,12,0
2015-09-10 13:47:00,62,62.8780206063,0.878020606337,0,12,0
2015-09-10 13:52:00,62,62.0811052371,0.0811052370757,0,12,0
2015-09-10 13:57:00,67,67.009090018,0.0090900180011,0,4,0
2015-09-10 14:02:00,70,70.9364459878,0.936445987838,0,55,0
2015-09-10 14:07:00,64,65.0866353204,1.08663532044,0,0,0
2015-09-10 14:12:00,66,64.1035773076,1.89642269237,0,0,0
2015-09-10 14:17:00,69,67.0009090018,1.9990909982,0,4,0
2015-09-10 14:27:00,63,62.0191190487,0.980880951278,0,12,0
2015-09-10 14:32:00,61,62.9019119049,1.90191190487,0,12,0
2015-09-10 14:37:00,64,65.8103577308,1.81035773076,0,0,0
2015-09-10 14:47:00,69,68.8000909002,0.19990909982,0,4,0
2015-09-10 14:52:00,67,68.98000909,1.98000909002,0,4,0
2015-09-10 14:57:00,63,61.2051845096,1.79481549035,0,12,0
2015-09-10 15:02:00,68,67.198000909,0.801999090998,0,4,0
2015-09-10 15:07:00,65,64.1896019475,0.810398052475,0,0,0
2015-09-10 15:17:00,65,64.9226737696,0.0773262303802,0,0,0
2015-09-10 15:22:00,67,67.9198000909,0.9198000909,0,4,0
2015-09-10 15:27:00,63,62.8420432995,0.157956700452,0,12,0
2015-09-10 15:32:00,65,64.9954693062,0.00453069377332,0,0,0
2015-09-10 15:37:00,65,65.0026992054,0.00269920537528,0,0,0
2015-09-10 15:42:00,65,65.0033971936,0.0033971935826,0,0,0
2015-09-10 15:52:00,66,65.0035138594,0.996486140623,0,0,0
2015-09-10 15:57:00,64,65.9003513859,1.90035138594,0,0,0
2015-09-10 16:02:00,65,64.1974086576,0.802591342369,0,0,0
2015-09-10 16:12:00,66,64.9225156001,1.07748439994,0,0,0
2015-09-10 16:17:00,62,63.003324058,1.00332405799,0,12,0
2015-09-10 16:22:00,65,65.8888436528,0.888843652764,0,0,0
2015-09-10 16:27:00,62,62.1262509557,0.126250955734,0,12,0
2015-09-10 16:32:00,68,67.0919800091,0.90801999091,0,4,0
2015-09-10 16:37:00,66,65.0906254927,0.909374507272,0,0,0
2015-09-10 16:42:00,68,67.9091980009,0.090801999091,0,4,0
2015-09-10 16:52:00,65,65.8432458442,0.843245844234,0,0,0
2015-09-10 16:57:00,66,65.0239994282,0.976000571778,0,0,0
2015-09-10 17:02:00,64,65.9023999428,1.90239994282,0,0,0
2015-09-10 17:07:00,66,64.1357701126,1.8642298874,0,0,0
2015-09-10 17:12:00,64,65.8135770113,1.81357701126,0,0,0
2015-09-10 17:17:00,65,64.1274208639,0.872579136147,0,0,0
2015-09-10 17:22:00,71,69.0664484529,1.93355154715,0,55,0
2015-09-10 17:27:00,64,64.9127420864,0.912742086385,0,0,0
2015-09-10 17:32:00,66,64.1122304612,1.8877695388,0,0,0
2015-09-10 17:37:00,65,65.8216378384,0.82163783836,0,0,0
2015-09-10 17:47:00,66,65.0969474704,0.903052529646,0,0,0
2015-09-10 17:52:00,64,65.909694747,1.90969474704,0,0,0
2015-09-10 17:57:00,65,64.2106721316,0.789327868372,0,0,0
2015-09-10 18:02:00,69,67.9909198001,1.00908019991,0,4,0
2015-09-10 18:07:00,66,64.936544363,1.06345563698,0,0,0
2015-09-10 18:12:00,66,65.9032562562,0.0967437438385,0,0,0
2015-09-10 18:22:00,64,65.9903256256,1.99032562562,0,0,0
2015-09-10 18:27:00,65,64.2061208366,0.79387916344,0,0,0
2015-09-10 18:32:00,63,62.0395298038,0.960470196245,0,12,0
2015-09-10 18:37:00,67,68.89909198,1.89909198001,0,4,0
2015-09-10 18:42:00,64,64.9206120837,0.920612083656,0,0,0
2015-09-10 18:57:00,67,67.189909198,0.189909198001,0,4,0
2015-09-10 19:02:00,66,64.0998604073,1.90013959269,0,0,0
2015-09-10 19:07:00,69,67.0189909198,1.9810090802,0,4,0
2015-09-10 19:12:00,67,68.801899092,1.80189909198,0,4,0
2015-09-10 19:17:00,67,67.1801899092,0.180189909198,0,4,0
2015-09-10 19:22:00,67,67.0180189909,0.0180189909198,0,4,0
2015-09-10 19:27:00,63,62.9694139481,0.0305860519262,0,12,0
2015-09-10 19:32:00,68,67.0018018991,0.998198100908,0,4,0
2015-09-10 19:37:00,65,65.8415447435,0.841544743512,0,0,0
2015-09-10 19:42:00,62,63.0609018789,1.06090187886,0,12,0
2015-09-10 19:47:00,67,67.9001801899,0.900180189909,0,4,0
2015-09-10 19:52:00,70,70.8345700604,0.834570060431,0,55,0
2015-09-10 19:57:00,60,59.1072780477,0.892721952317,0,5,0
2015-09-10 20:02:00,67,67.090018019,0.0900180189909,0,4,0
2015-09-10 20:07:00,65,65.0939202433,0.0939202433432,0,0,0
2015-09-10 20:12:00,65,65.0195292029,0.0195292029322,0,0,0
2015-09-10 20:17:00,64,65.0019529203,1.00195292029,0,0,0
2015-09-10 20:22:00,65,64.1153772314,0.884622768648,0,0,0
2015-09-10 20:28:00,65,64.9220802653,0.077919734671,0,0,0
2015-09-10 20:32:00,62,62.142214626,0.142214625958,0,12,0
2015-09-10 20:38:00,62,62.0506179521,0.050617952051,0,12,0
2015-09-10 20:52:00,64,64.9922080265,0.992208026533,0,0,0
2015-09-10 20:57:00,73,69.7020869796,3.29791302037,0,55,0
2015-09-10 21:07:00,65,64.0992208027,0.900779197347,0,0,0
2015-09-10 21:12:00,64,62.018994187,1.98100581302,0,12,0
2015-09-10 21:17:00,68,67.0090018019,0.990998198101,0,4,0
2015-09-10 21:22:00,65,64.9099220803,0.0900779197347,0,0,0
2015-09-10 21:37:00,65,64.990992208,0.00900779197346,0,0,0
2015-09-10 21:47:00,65,64.9990992208,0.000900779197352,0,0,0
2015-09-10 21:52:00,62,63.8018994187,1.8018994187,0,12,0
2015-09-10 22:12:00,69,67.9009001802,1.09909981981,0,4,0
2015-09-10 22:27:00,62,62.1801899419,0.18018994187,0,12,0
2015-09-10 22:32:00,65,64.9999099221,9.00779197366e-005,0,0,0
2015-09-10 22:52:00,66,65.0164683008,0.983531699158,0,0,0
2015-09-10 23:17:00,68,68.890090018,0.890090018019,0,4,0
2015-09-10 23:22:00,59,59.9107278048,0.910727804768,0,5,0
2015-09-10 23:32:00,61,59.0996406048,1.90035939524,0,5,0
2015-09-10 23:37:00,63,62.0627063571,0.937293642903,0,12,0
2015-09-11 00:02:00,60,60.8186964213,0.818696421324,0,5,0
2015-09-11 00:27:00,64,62.9581467297,1.04185327028,0,12,0
2015-09-11 00:32:00,60,60.0912918029,0.0912918028609,0,5,0
2015-09-11 00:37:00,57,57.5573025859,0.557302585945,0,334,0
2015-09-11 00:52:00,65,65.9016468301,0.901646830084,0,0,0
2015-09-11 00:57:00,63,63.8613939936,0.861393993556,0,12,0
2015-09-11 01:12:00,62,63.0861393994,1.08613939936,0,12,0
2015-09-11 01:57:00,62,62.1086139399,0.108613939936,0,12,0
2015-09-11 02:17:00,61,60.0083964058,0.99160359423,0,5,0
2015-09-11 03:32:00,62,62.010861394,0.0108613939936,0,12,0
2015-09-11 03:42:00,65,65.090164683,0.0901646830084,0,0,0
2015-09-11 03:47:00,68,68.0890090018,0.0890090018019,0,4,0
2015-09-11 03:57:00,61,60.9043506511,0.0956493488522,0,5,0
2015-09-11 04:32:00,67,65.0064473376,1.99355266242,0,0,0
2015-09-11 04:47:00,60,60.993855834,0.99385583395,0,5,0
2015-09-11 04:52:00,59,60.0993855834,1.0993855834,0,5,0
2015-09-11 04:57:00,65,66.8006447338,1.80064473376,0,0,0
2015-09-11 05:02:00,63,61.9854415505,1.01455844951,0,12,0
2015-09-11 05:07:00,66,65.1506580343,0.849341965677,0,0,0
2015-09-11 05:12:00,58,57.4563673823,0.543632617746,0,334,0
2015-09-11 05:17:00,66,65.8816335921,0.118366407869,0,0,0
2015-09-11 05:27:00,67,65.954563571,1.045436429,0,0,0
2015-09-11 05:32:00,65,66.8954563571,1.8954563571,0,0,0
2015-09-11 05:37:00,66,65.1605183749,0.839481625105,0,0,0
2015-09-11 05:47:00,67,65.8832646297,1.11673537027,0,0,0
2015-09-11 05:52:00,65,66.888326463,1.88832646297,0,0,0
2015-09-11 05:57:00,68,68.0089009002,0.00890090018019,0,4,0
2015-09-11 06:02:00,66,65.1806427319,0.819357268098,0,0,0
2015-09-11 06:07:00,67,65.9060509327,1.09394906734,0,0,0
2015-09-11 06:12:00,63,62.9042847166,0.0957152834485,0,12,0
2015-09-11 06:17:00,69,68.00089009,0.999109909982,0,4,0
2015-09-11 06:22:00,53,54.0853821426,1.08538214255,0,238,0
2015-09-11 06:27:00,65,66.8906050933,1.89060509327,0,0,0
2015-09-11 06:37:00,64,62.9952826377,1.0047173623,0,12,0
2015-09-11 06:42:00,64,63.8675952731,0.132404726911,0,12,0
2015-09-11 06:47:00,64,63.9544165222,0.0455834777812,0,12,0
2015-09-11 06:52:00,65,65.1890605093,0.189060509327,0,0,0
2015-09-11 06:57:00,67,64.9893049937,2.01069500633,0,0,0
2015-09-11 07:02:00,67,66.7600184198,0.239981580246,0,0,0
2015-09-11 07:07:00,63,63.9633123169,0.963312316858,0,12,0
2015-09-11 07:12:00,67,66.9363829407,0.0636170592972,0,0,0
2015-09-11 07:17:00,65,66.9936382941,1.99363829407,0,0,0
2015-09-11 07:27:00,63,63.0707598299,0.0707598299348,0,12,0
2015-09-11 07:32:00,62,63.007075983,1.00707598299,0,12,0
2015-09-11 07:37:00,62,62.1007075983,0.100707598299,0,12,0
2015-09-11 07:42:00,64,61.9892044219,2.01079557809,0,12,0
2015-09-11 07:52:00,66,65.1669760041,0.833023995896,0,0,0
2015-09-11 07:57:00,67,65.8807695531,1.11923044691,0,0,0
2015-09-11 08:02:00,65,66.8880769553,1.88807695531,0,0,0
2015-09-11 08:07:00,67,65.1570342064,1.84296579362,0,0,0
2015-09-11 08:12:00,64,63.7660517195,0.233948280531,0,12,0
2015-09-11 08:17:00,66,66.781291833,0.781291833006,0,0,0
2015-09-11 08:22:00,68,68.900089009,0.900089009002,0,4,0
2015-09-11 08:27:00,68,68.0900089009,0.0900089009002,0,4,0
2015-09-11 08:32:00,62,63.9766051719,1.97660517195,0,12,0
2015-09-11 08:37:00,64,62.1836011574,1.81639884263,0,12,0
2015-09-11 08:42:00,66,66.0476980875,0.0476980875468,0,0,0
2015-09-11 08:57:00,66,65.9749009675,0.0250990324582,0,0,0
2015-09-11 09:02:00,62,63.8183601157,1.81836011574,0,12,0
2015-09-11 09:07:00,63,62.1680523247,0.831947675331,0,12,0
2015-09-11 09:17:00,65,65.9974900968,0.997490096754,0,0,0
2015-09-11 09:22:00,62,62.9168052325,0.916805232467,0,12,0
2015-09-11 09:27:00,65,65.0997490097,0.0997490096754,0,0,0
2015-09-11 09:32:00,58,57.7318079653,0.268192034725,0,334,0
2015-09-11 09:37:00,64,62.0516306103,1.94836938971,0,12,0
2015-09-11 09:47:00,62,63.805163061,1.80516306103,0,12,0
2015-09-11 09:52:00,65,65.009974901,0.00997490096753,0,0,0
2015-09-11 09:57:00,65,65.0009974901,0.000997490096751,0,0,0
2015-09-11 10:07:00,65,65.000099749,9.97490096779e-005,0,0,0
2015-09-11 10:12:00,61,59.1121388311,1.88786116891,0,5,0
2015-09-11 10:17:00,62,62.1805163061,0.180516306103,0,12,0
2015-09-11 10:22:00,61,60.8117746221,0.188225377925,0,5,0
2015-09-11 10:27:00,63,62.0138142849,0.986185715146,0,12,0
2015-09-11 10:29:00,65,65.0000099749,9.97490096211e-006,0,0,0
2015-09-11 10:34:00,63,62.8911523289,0.108847671121,0,12,0
2015-09-11 10:39:00,64,62.9784059854,1.02159401463,0,12,0
2015-09-11 10:44:00,68,68.0090008901,0.00900089009002,0,4,0
2015-09-11 10:49:00,66,64.9632270149,1.03677298511,0,0,0
2015-09-11 10:59:00,65,65.8963227015,0.896322701489,0,0,0
2015-09-11 11:09:00,66,65.0526431768,0.947356823177,0,0,0
2015-09-11 11:14:00,63,63.8572841138,0.857284113829,0,12,0
2015-09-11 11:19:00,61,60.9781097098,0.0218902901949,0,5,0
2015-09-11 11:24:00,62,63.0857284114,1.08572841138,0,12,0
2015-09-11 11:29:00,65,65.9052643177,0.905264317682,0,0,0
2015-09-11 11:34:00,61,60.9947249038,0.00527509618043,0,5,0
2015-09-11 11:39:00,62,62.1085728411,0.108572841138,0,12,0
2015-09-11 11:44:00,62,62.0108572841,0.0108572841138,0,12,0
2015-09-11 11:49:00,63,62.044016544,0.955983456005,0,12,0
2015-09-11 11:54:00,64,62.9410984628,1.05890153722,0,12,0
2015-09-11 11:59:00,66,65.1077206549,0.892279345087,0,0,0
2015-09-11 12:04:00,64,63.8983987496,0.101601250401,0,12,0
2015-09-11 12:09:00,62,63.989839875,1.98983987496,0,12,0
2015-09-11 12:14:00,62,62.1989839875,0.198983987496,0,12,0
2015-09-11 12:24:00,65,65.9107720655,0.910772065491,0,0,0
2015-09-11 12:34:00,66,65.0534193456,0.946580654402,0,0,0
2015-09-11 12:39:00,66,65.8638742686,0.136125731353,0,0,0
2015-09-11 12:44:00,63,61.9913613909,1.00863860906,0,12,0
2015-09-11 12:54:00,63,62.8650932563,0.13490674374,0,12,0
2015-09-11 12:59:00,63,62.9522364641,0.047763535858,0,12,0
2015-09-11 13:04:00,67,65.9456712965,1.05432870355,0,0,0
2015-09-11 13:09:00,60,60.9963972341,0.996397234095,0,5,0
2015-09-11 13:14:00,61,60.1052667767,0.894733223285,0,5,0
2015-09-11 13:24:00,62,62.9952236464,0.995223646414,0,12,0
2015-09-11 13:29:00,66,66.8764272193,0.876427219331,0,0,0
2015-09-11 13:34:00,64,62.1068667566,1.89313324335,0,12,0
2015-09-11 13:39:00,66,66.0737513619,0.0737513618978,0,0,0
2015-09-11 13:44:00,67,65.9939556727,1.00604432728,0,0,0
2015-09-11 13:49:00,67,66.8817005312,0.118299468825,0,0,0
2015-09-11 13:54:00,67,66.9701884487,0.0298115513424,0,0,0
2015-09-11 13:59:00,60,60.9127894171,0.91278941709,0,5,0
2015-09-11 14:04:00,70,68.000900089,1.99909991099,0,4,0
2015-09-11 14:09:00,63,63.8140056907,0.814005690676,0,12,0
2015-09-11 14:14:00,59,60.0912789417,1.09127894171,0,5,0
2015-09-11 14:24:00,64,63.0892473895,0.910752610492,0,12,0
2015-09-11 14:29:00,65,66.9970188449,1.99701884487,0,0,0
2015-09-11 14:34:00,62,63.908924739,1.90892473895,0,12,0
2015-09-11 14:39:00,63,62.2042406423,0.795759357675,0,12,0
2015-09-11 14:44:00,62,62.9204240642,0.920424064232,0,12,0
2015-09-11 14:54:00,63,62.1058907445,0.894109255536,0,12,0
2015-09-11 14:59:00,64,62.9192934124,1.08070658759,0,12,0
2015-09-11 15:04:00,62,63.8919293412,1.89192934124,0,12,0
2015-09-11 15:09:00,66,65.1869250985,0.813074901501,0,0,0
2015-09-11 15:14:00,65,65.9186925098,0.91869250985,0,0,0
2015-09-11 15:19:00,65,65.091869251,0.091869250985,0,0,0
2015-09-11 15:24:00,65,65.0091869251,0.0091869250985,0,0,0
2015-09-11 15:29:00,60,59.1124240401,0.887575959922,0,5,0
2015-09-11 15:34:00,64,62.1914404127,1.80855958728,0,12,0
2015-09-11 15:39:00,64,63.8114924568,0.188507543244,0,12,0
2015-09-11 15:44:00,68,69.8000900089,1.8000900089,0,4,0
2015-09-11 15:49:00,64,63.9814303646,0.0185696354002,0,12,0
2015-09-11 15:54:00,63,63.9983498119,0.998349811857,0,12,0
2015-09-11 16:09:00,68,68.1800090009,0.18000900089,0,4,0
2015-09-11 16:19:00,65,65.0009186925,0.000918692509856,0,0,0
2015-09-11 16:24:00,68,68.0180009001,0.018000900089,0,4,0
2015-09-11 16:29:00,66,64.9957161719,1.00428382806,0,0,0
2015-09-11 16:34:00,68,68.00180009,0.0018000900089,0,4,0
2015-09-11 16:44:00,67,65.8910573181,1.10894268194,0,0,0
2015-09-11 16:49:00,65,66.8891057318,1.88910573181,0,0,0
2015-09-11 16:59:00,63,63.1150897155,0.115089715502,0,12,0
2015-09-11 17:04:00,69,68.000180009,0.999819990999,0,4,0
2015-09-11 17:09:00,66,65.1912247072,0.808775292758,0,0,0
2015-09-11 17:14:00,68,68.9000180009,0.9000180009,0,4,0
2015-09-11 17:19:00,68,68.0900018001,0.09000180009,0,4,0
2015-09-11 17:24:00,64,63.027510478,0.972489521987,0,12,0
2015-09-11 17:29:00,68,68.00900018,0.009000180009,0,4,0
2015-09-11 17:34:00,65,65.9191224707,0.919122470724,0,0,0
2015-09-11 17:39:00,67,65.0906203356,1.9093796644,0,0,0
2015-09-11 17:44:00,67,66.7997264056,0.200273594425,0,0,0
2015-09-11 17:49:00,67,66.9699481868,0.030051813169,0,0,0
2015-09-11 17:54:00,68,68.000900018,0.000900018000905,0,4,0
2015-09-11 17:59:00,70,68.0000900018,1.9999099982,0,4,0
2015-09-11 18:04:00,66,66.9870817348,0.987081734816,0,0,0
2015-09-11 18:16:00,65,66.0987081735,1.09870817348,0,0,0
2015-09-11 18:21:00,69,69.8000090002,0.80000900018,0,4,0
2015-09-11 18:26:00,65,65.1098708173,0.109870817348,0,0,0
2015-09-11 18:36:00,61,59.9150786327,1.08492136727,0,5,0
2015-09-11 18:41:00,62,63.9027510478,1.9027510478,0,12,0
2015-09-11 18:46:00,66,65.0058421509,0.994157849133,0,0,0
2015-09-11 18:51:00,66,65.8913557947,0.108644205303,0,0,0
2015-09-11 18:56:00,70,69.0800009,0.919999099982,0,4,0
2015-09-11 19:01:00,65,65.9891355795,0.98913557947,0,0,0
2015-09-11 19:11:00,67,65.0934273238,1.90657267622,0,0,0
2015-09-11 19:16:00,64,62.2045265161,1.79547348391,0,12,0
2015-09-11 19:21:00,70,69.90800009,0.0919999099982,0,4,0
2015-09-11 19:26:00,66,66.7993125083,0.799312508254,0,0,0
2015-09-11 19:31:00,66,66.0732649109,0.0732649109484,0,0,0
2015-09-11 19:41:00,64,63.8251614037,0.17483859632,0,12,0
2015-09-11 19:46:00,67,66.0010785663,0.998921433707,0,0,0
2015-09-11 19:51:00,70,69.990800009,0.00919999099982,0,4,0
2015-09-11 19:56:00,64,63.9864241473,0.0135758527157,0,12,0
2015-09-11 20:01:00,62,63.9986424147,1.99864241473,0,12,0
2015-09-11 20:16:00,64,62.2250048102,1.77499518978,0,12,0
2015-09-11 20:21:00,63,63.8381062003,0.838106200267,0,12,0
2015-09-11 20:26:00,63,63.1035185523,0.103518552349,0,12,0
2015-09-11 20:31:00,62,63.0103518552,1.01035185523,0,12,0
2015-09-11 20:46:00,63,62.0962703742,0.903729625779,0,12,0
2015-09-11 20:51:00,62,62.9096270374,0.909627037422,0,12,0
2015-09-11 21:01:00,68,69.9990800009,1.9990800009,0,4,0
2015-09-11 21:21:00,64,62.0862233903,1.91377660971,0,12,0
2015-09-11 21:36:00,65,66.9001078566,1.90010785663,0,0,0
2015-09-11 21:41:00,65,65.1900107857,0.190010785663,0,0,0
2015-09-11 21:46:00,65,65.0190010786,0.0190010785663,0,0,0
2015-09-11 21:51:00,64,63.7923894545,0.207610545464,0,12,0
2015-09-11 22:06:00,60,60.8915246998,0.891524699751,0,5,0
2015-09-11 22:11:00,62,63.9792389455,1.97923894545,0,12,0
2015-09-11 22:16:00,64,62.1906838501,1.80931614988,0,12,0
2015-09-11 22:21:00,63,63.8027871148,0.802787114799,0,12,0
2015-09-11 22:31:00,63,63.0681444327,0.0681444327436,0,12,0
2015-09-11 22:41:00,64,63.0336648474,0.966335152602,0,12,0
2015-09-11 22:46:00,64,63.9249832174,0.0750167826355,0,12,0
2015-09-11 22:51:00,67,65.0147074594,1.98529254059,0,0,0
2015-09-11 23:01:00,60,60.0965360298,0.0965360298485,0,5,0
2015-09-11 23:06:00,65,66.8014707459,1.80147074594,0,0,0
2015-09-11 23:11:00,65,65.1801470746,0.180147074594,0,0,0
2015-09-11 23:16:00,68,68.1999080001,0.19990800009,0,4,0
2015-09-12 00:06:00,61,60.0170795558,0.982920444206,0,5,0
2015-09-12 00:11:00,66,65.0305225322,0.96947746776,0,0,0
2015-09-12 00:16:00,63,63.99722531,0.997225310048,0,12,0
2015-09-12 00:31:00,59,60.9017079556,1.90170795558,0,5,0
2015-09-12 00:36:00,63,63.1091409707,0.109140970746,0,12,0
2015-09-12 00:46:00,67,65.8982658942,1.1017341058,0,0,0
2015-09-12 01:11:00,74,72.2219876467,1.77801235329,0,55,0
2015-09-12 01:16:00,59,59.1901707956,0.190170795558,0,5,0
2015-09-12 01:21:00,63,63.0109140971,0.0109140970746,0,12,0
2015-09-12 01:36:00,63,63.0010914097,0.00109140970746,0,12,0
2015-09-12 01:41:00,67,66.8836972474,0.116302752568,0,0,0
2015-09-12 02:21:00,64,63.01368995,0.986310049991,0,12,0
2015-09-12 02:36:00,66,66.9883697247,0.988369724743,0,0,0
2015-09-12 02:46:00,58,58.809667413,0.80966741304,0,334,0
2015-09-12 03:26:00,70,68.0199908,1.98000919999,0,4,0
2015-09-12 03:36:00,67,66.0962385466,0.903761453449,0,0,0
2015-09-12 03:51:00,64,63.9100568501,0.0899431499,0,12,0
2015-09-12 04:01:00,58,58.8242179834,0.824217983399,0,334,0
2015-09-12 04:41:00,62,63.991005685,1.99100568501,0,12,0
2015-09-12 04:56:00,76,73.2332953545,2.76670464546,0,55,0
2015-09-12 05:31:00,74,75.068619737,1.06861973699,0,55,0
2015-09-12 05:36:00,69,66.8926163427,2.10738365726,0,0,0
2015-09-12 05:41:00,65,62.2037886458,2.79621135422,0,12,0
2015-09-12 05:46:00,66,68.7892616343,2.78926163427,0,0,0
2015-09-12 05:51:00,75,73.5674809837,1.43251901634,0,55,0
2015-09-12 05:56:00,72,69.80199908,2.19800092,0,4,0
2015-09-12 06:01:00,62,59.0229523755,2.97704762451,1,5,0
2015-09-12 06:06:00,63,64.7203788646,1.72037886458,0,12,0
2015-09-12 06:11:00,65,63.1670543284,1.83294567157,0,12,0
2015-09-12 06:16:00,73,74.2677351639,1.2677351639,0,55,0
2015-09-12 06:21:00,71,71.780199908,0.780199908,0,4,0
2015-09-12 06:26:00,66,66.2789261634,0.278926163427,0,0,0
2015-09-12 06:31:00,70,71.0780199908,1.0780199908,0,4,0
2015-09-12 06:41:00,68,66.0278926163,1.97210738366,0,0,0
2015-09-12 06:46:00,63,59.0229523755,3.97704762451,1,5,0
2015-09-12 06:51:00,66,64.8041697519,1.19583024815,0,12,0
2015-09-12 07:01:00,68,67.8027892616,0.197210738366,0,0,0
2015-09-12 07:06:00,73,70.1078019991,2.89219800092,0,4,0
2015-09-12 07:11:00,69,67.9535305703,1.04646942974,0,0,0
2015-09-12 07:16:00,55,65.473905905,10.473905905,1,344,0
2015-09-12 07:26:00,64,59.0257579894,4.97424201062,1,5,0
2015-09-12 07:46:00,67,65.8601008122,1.13989918784,0,12,0
2015-09-12 07:51:00,72,72.7107801999,0.710780199908,0,4,0
2015-09-12 07:56:00,66,66.8609423305,0.860942330506,0,12,0
2015-09-12 08:06:00,68,68.895353057,0.895353057026,0,0,0
2015-09-12 08:11:00,68,68.0895353057,0.0895353057026,0,0,0
2015-09-12 08:16:00,65,66.0860942331,1.08609423305,0,12,0
2015-09-12 08:21:00,65,65.1086094233,0.108609423305,0,12,0
2015-09-12 08:31:00,66,65.0029461724,0.997053827605,0,12,0
2015-09-12 08:41:00,66,65.8879592195,0.112040780528,0,12,0
2015-09-12 08:51:00,67,65.9762978291,1.02370217092,0,12,0
2015-09-12 08:56:00,64,59.0300775214,4.96992247857,1,5,0
2015-09-12 09:01:00,65,66.8976297829,1.89762978291,0,12,0
2015-09-12 09:06:00,70,67.979338974,2.02066102605,0,0,0
2015-09-12 09:11:00,65,65.1897629783,0.189762978291,0,12,0
2015-09-12 09:16:00,66,64.9997056815,1.00029431845,0,12,0
2015-09-12 09:21:00,70,69.7606154205,0.239384579462,0,0,0
2015-09-12 09:26:00,65,65.8999705682,0.899970568155,0,12,0
2015-09-12 09:31:00,68,69.9760615421,1.97606154205,0,0,0
2015-09-12 09:36:00,70,68.167556066,1.83244393397,0,0,0
2015-09-12 09:41:00,65,65.0899970568,0.0899970568155,0,12,0
2015-09-12 09:51:00,68,69.8167556066,1.8167556066,0,0,0
2015-09-12 09:56:00,64,59.0334398337,4.96656016629,1,5,0
2015-09-12 10:01:00,67,64.9966272917,2.00337270828,0,12,0
2015-09-12 10:06:00,64,59.0368022211,4.96319777887,1,5,0
2015-09-12 10:11:00,64,59.0401556791,4.9598443209,1,5,0
2015-09-12 10:16:00,65,66.7996627292,1.79966272917,0,12,0
2015-09-12 10:21:00,71,72.07107802,1.07107801999,0,4,0
2015-09-12 10:26:00,68,68.1816755607,0.18167556066,0,0,0
2015-09-12 10:31:00,63,59.0401556791,3.9598443209,1,5,0
2015-09-12 10:36:00,70,68.0005536938,1.99944630617,0,0,0
2015-09-12 10:41:00,68,69.8000553694,1.80005536938,0,0,0
2015-09-12 10:46:00,62,59.0401556791,2.9598443209,0,5,0
2015-09-12 10:51:00,63,61.7040155679,1.29598443209,0,5,0
2015-09-12 10:56:00,61,58.6141355872,2.38586441284,0,334,0
2015-09-12 11:06:00,63,62.8704015568,0.129598443209,0,5,0
2015-09-12 11:11:00,64,62.9859073212,1.01409267881,0,5,0
2015-09-12 11:26:00,63,63.8985907321,0.898590732119,0,5,0
2015-09-12 11:31:00,69,68.171442158,0.828557842008,0,0,0
2015-09-12 11:36:00,66,65.1851157372,0.814884262768,0,12,0
2015-09-12 11:41:00,65,65.9185115737,0.918511573723,0,12,0
2015-09-12 11:46:00,64,63.092787383,0.907212616977,0,5,0
2015-09-12 11:51:00,64,63.911427545,0.0885724549697,0,5,0
2015-09-12 11:56:00,67,65.0973813261,1.9026186739,0,12,0
2015-09-12 12:01:00,65,66.8097381326,1.80973813261,0,12,0
2015-09-12 12:06:00,62,63.9911427545,1.9911427545,0,5,0
2015-09-12 12:11:00,62,62.1991142755,0.19911427545,0,5,0
2015-09-12 12:16:00,63,62.0199114275,0.980088572455,0,5,0
2015-09-12 12:21:00,62,62.9019911428,0.901991142755,0,5,0
2015-09-12 12:26:00,63,62.0901991143,0.909800885725,0,5,0
2015-09-12 12:31:00,66,65.1929354599,0.807064540113,0,12,0
2015-09-12 12:36:00,63,62.9090199114,0.0909800885725,0,5,0
2015-09-12 12:46:00,66,65.9275246293,0.0724753706526,0,12,0
2015-09-12 12:51:00,66,66.0006108442,0.000610844238295,0,12,0
2015-09-12 12:56:00,66,66.0078773264,0.00787732635563,0,12,0
2015-09-12 13:06:00,59,60.7614135587,1.76141355872,0,334,0
2015-09-12 13:11:00,65,66.0007877326,1.00078773264,0,12,0
2015-09-12 13:16:00,68,68.9171442158,0.917144215799,0,0,0
2015-09-12 13:21:00,65,65.1000787733,0.100078773264,0,12,0
2015-09-12 13:26:00,66,65.0025378067,0.997462193269,0,12,0
2015-09-12 13:31:00,65,65.9002537807,0.900253780673,0,12,0
2015-09-12 13:36:00,61,59.5360327542,1.4639672458,0,334,0
2015-09-12 13:41:00,64,62.9913784352,1.00862156482,0,5,0
2015-09-12 13:46:00,65,65.0900253781,0.0900253780673,0,12,0
2015-09-12 13:51:00,65,65.0090025378,0.00900253780674,0,12,0
2015-09-12 14:06:00,65,65.0009002538,0.000900253780671,0,12,0
2015-09-12 14:11:00,66,65.0214204372,0.978579562761,0,12,0
2015-09-12 14:16:00,67,65.9190257081,1.08097429194,0,12,0
2015-09-12 14:21:00,65,66.8919025708,1.89190257081,0,12,0
2015-09-12 14:26:00,68,68.0917144216,0.0917144215799,0,0,0
2015-09-12 14:31:00,63,63.8991378435,0.899137843518,0,5,0
2015-09-12 14:36:00,66,65.2095011205,0.790498879485,0,12,0
2015-09-12 14:41:00,64,63.0924624557,0.907537544302,0,5,0
2015-09-12 14:51:00,62,63.9092462456,1.90924624557,0,5,0
2015-09-12 14:56:00,65,65.9209501121,0.920950112051,0,12,0
2015-09-12 15:01:00,65,65.0920950112,0.0920950112051,0,12,0
2015-09-12 15:06:00,66,65.0130486137,0.986951386286,0,12,0
2015-09-12 15:11:00,61,61.2331762268,0.233176226776,0,334,0
2015-09-12 15:16:00,68,68.0091714422,0.00917144215799,0,0,0
2015-09-12 15:21:00,65,65.9013048614,0.901304861371,0,12,0
2015-09-12 15:36:00,68,68.0009171442,0.000917144215805,0,0,0
2015-09-12 15:46:00,67,65.0686998121,1.93130018792,0,12,0
2015-09-12 15:51:00,63,62.1909246246,0.809075375443,0,5,0
2015-09-12 16:01:00,69,67.9685260858,1.03147391416,0,0,0
2015-09-12 16:06:00,62,62.9190924625,0.919092462456,0,5,0
2015-09-12 16:11:00,65,66.8068699812,1.80686998121,0,12,0
2015-09-12 16:16:00,74,72.5675623156,1.43243768435,0,55,0
2015-09-12 16:21:00,67,65.1588743763,1.84112562371,0,12,0
2015-09-12 16:26:00,68,68.8968526086,0.896852608584,0,0,0
2015-09-12 16:31:00,68,68.0896852609,0.0896852608584,0,0,0
2015-09-12 16:36:00,69,68.0045976713,0.995402328707,0,0,0
2015-09-12 16:41:00,64,62.0965142625,1.90348573745,0,5,0
2015-09-12 16:46:00,67,66.8167050941,0.183294905889,0,12,0
2015-09-12 16:51:00,66,66.9817129334,0.981712933445,0,12,0
2015-09-12 16:56:00,69,68.8923943851,0.107605614899,0,0,0
2015-09-12 17:01:00,67,66.1024716105,0.897528389495,0,12,0
2015-09-12 17:06:00,66,66.9107204087,0.910720408697,0,12,0
2015-09-12 17:11:00,64,63.8095098225,0.190490177513,0,5,0
2015-09-12 17:16:00,61,61.2105476877,0.210547687733,0,334,0
2015-09-12 17:21:00,67,66.0796734988,0.920326501197,0,12,0
2015-09-12 17:26:00,65,66.9079673499,1.90796734988,0,12,0
2015-09-12 17:31:00,66,65.1836858152,0.816314184803,0,12,0
2015-09-12 17:36:00,57,53.1085382143,3.89146178574,1,238,0
2015-09-12 17:41:00,66,65.9078053055,0.0921946945007,0,12,0
2015-09-12 17:46:00,66,65.9799326524,0.0200673476021,0,12,0
2015-09-12 17:51:00,68,68.9892394385,0.98923943851,0,0,0
2015-09-12 17:56:00,64,63.9754318878,0.024568112193,0,5,0
2015-09-12 18:01:00,65,65.9979932652,0.99799326524,0,12,0
2015-09-12 18:06:00,66,65.0678172429,0.932182757106,0,12,0
2015-09-12 18:11:00,65,65.9067817243,0.906781724289,0,12,0
2015-09-12 18:16:00,67,65.0843390002,1.91566099983,0,12,0
2015-09-12 18:21:00,62,63.9975431888,1.99754318878,0,5,0
2015-09-12 18:26:00,66,66.7942571526,0.794257152625,0,12,0
2015-09-12 18:31:00,66,66.0777521335,0.0777521335043,0,12,0
2015-09-12 18:46:00,64,62.2069272113,1.79307278867,0,5,0
2015-09-12 18:56:00,71,71.107107802,0.107107801999,0,4,0
2015-09-12 19:01:00,67,66.0251718865,0.974828113536,0,12,0
2015-09-12 19:11:00,65,66.9025171886,1.90251718865,0,12,0
2015-09-12 19:21:00,63,63.8206927211,0.820692721133,0,5,0
2015-09-12 19:31:00,68,68.0989239439,0.098923943851,0,0,0
2015-09-12 19:36:00,66,65.2013348636,0.798665136364,0,12,0
2015-09-12 19:41:00,60,61.0210547688,1.02105476877,0,334,0
2015-09-12 19:46:00,61,60.2918345169,0.708165483096,0,334,0
2015-09-12 19:51:00,67,65.9069089081,1.09309109194,0,12,0
2015-09-12 20:01:00,66,66.8732542655,0.873254265532,0,12,0
2015-09-12 20:11:00,62,63.0820692721,1.08206927211,0,5,0
2015-09-12 20:21:00,65,66.0873254266,1.08732542655,0,12,0
2015-09-12 20:26:00,63,62.1082069272,0.891793072789,0,5,0
2015-09-12 20:31:00,66,65.0991539912,0.900846008831,0,12,0
2015-09-12 20:36:00,64,62.9108412095,1.08915879046,0,5,0
2015-09-12 20:41:00,64,63.8873695055,0.112630494468,0,5,0
2015-09-12 20:46:00,68,68.0098923944,0.0098923943851,0,0,0
2015-09-12 20:51:00,64,63.9849284799,0.0150715201174,0,5,0
2015-09-12 21:01:00,66,65.8836282201,0.116371779949,0,12,0
2015-09-12 21:06:00,63,63.998492848,0.998492847988,0,5,0
2015-09-12 21:16:00,65,65.988362822,0.988362822005,0,12,0
2015-09-12 21:21:00,64,63.0968868838,0.903113116231,0,5,0
2015-09-12 21:26:00,68,68.0009892394,0.00098923943851,0,0,0
2015-09-12 21:36:00,64,63.909310042,0.0906899579726,0,5,0
2015-09-12 21:41:00,62,63.9909310042,1.9909310042,0,5,0
2015-09-12 21:46:00,63,62.1990931004,0.80090689958,0,5,0
2015-09-12 21:51:00,61,61.0891499511,0.0891499510914,0,334,0
2015-09-12 21:56:00,68,68.0000989239,9.89239438525e-005,0,0,0
2015-09-12 22:01:00,61,61.1545143639,0.154514363904,0,334,0
2015-09-12 22:06:00,65,65.0988362822,0.0988362822005,0,12,0
2015-09-12 22:16:00,64,62.9204353473,1.0795646527,0,5,0
2015-09-12 22:26:00,64,63.8916674503,0.108332549657,0,5,0
2015-09-12 22:36:00,71,71.0107107802,0.0107107801999,0,4,0
2015-09-12 22:41:00,63,63.989166745,0.989166745034,0,5,0
2015-09-12 22:46:00,62,63.0989166745,1.0989166745,0,5,0
2015-09-12 22:51:00,67,64.9876113788,2.01238862119,0,12,0
2015-09-12 22:56:00,62,62.1098916675,0.10989166745,0,5,0
2015-09-12 23:01:00,59,61.0154514364,2.01545143639,0,334,0
2015-09-12 23:06:00,67,66.7685761089,0.231423891114,0,12,0
2015-09-12 23:16:00,61,59.2379175596,1.76208244041,0,334,0
2015-09-12 23:21:00,61,60.880892805,0.119107194964,0,334,0
2015-09-12 23:31:00,76,73.3455431216,2.65445687844,0,55,0
2015-09-12 23:41:00,63,62.0109891667,0.989010833255,0,5,0
2015-09-12 23:46:00,59,60.9880892805,1.9880892805,0,334,0
2015-09-12 23:51:00,61,59.3315629745,1.6684370255,0,334,0
2015-09-12 23:56:00,60,60.8331562975,0.83315629745,0,334,0
2015-09-13 00:01:00,68,68.0000098924,9.89239438809e-006,0,0,0
2015-09-13 00:11:00,65,66.9768576109,1.97685761089,0,12,0
2015-09-13 00:16:00,65,65.1976857611,0.197685761089,0,12,0
2015-09-13 00:26:00,64,62.9046385561,1.09536144389,0,5,0
2015-09-13 00:31:00,66,65.027086503,0.972913496989,0,12,0
2015-09-13 00:56:00,60,60.0833156297,0.083315629745,0,334,0
2015-09-13 01:31:00,60,60.008331563,0.0083315629745,0,334,0
2015-09-13 01:41:00,59,60.0008331563,1.0008331563,0,334,0
2015-09-13 02:01:00,51,67.5302831789,16.5302831789,1,473,0
2015-09-13 02:06:00,61,63.8904638556,2.89046385561,0,5,0
2015-09-13 02:11:00,71,71.001071078,0.00107107801999,0,4,0
2015-09-13 02:56:00,62,61.282808302,0.717191698009,0,5,0
2015-09-13 03:01:00,67,68.0000009892,1.00000098924,0,0,0
2015-09-13 03:11:00,64,65.9027086503,1.9027086503,0,12,0
2015-09-13 05:06:00,62,61.9214766981,0.0785233019204,0,5,0
2015-09-13 05:11:00,71,71.0001071078,0.000107107801995,0,4,0
2015-09-13 05:26:00,60,58.8848967183,1.1151032817,0,334,0
2015-09-13 05:56:00,61,61.9921476698,0.992147669808,0,5,0
2015-09-13 06:01:00,60,59.6459618581,0.354038141913,0,334,0
2015-09-13 06:06:00,70,71.0000107108,1.00001071078,0,4,0
2015-09-13 06:21:00,67,67.1000000989,0.100000098924,0,0,0
2015-09-13 06:26:00,61,61.099214767,0.0992147669808,0,5,0
2015-09-13 06:36:00,72,70.1000010711,1.89999892892,0,4,0
2015-09-13 06:46:00,66,64.2096571425,1.79034285745,0,12,0
2015-09-13 06:51:00,66,65.8332492557,0.166750744268,0,12,0
2015-09-13 06:56:00,65,65.9833249256,0.983324925573,0,12,0
2015-09-13 07:01:00,53,65.473905905,12.473905905,1,344,0
2015-09-13 07:11:00,67,67.0100000099,0.0100000098924,0,0,0
2015-09-13 07:16:00,61,61.0099214767,0.00992147669808,0,5,0
2015-09-13 07:21:00,64,65.0983324926,1.09833249256,0,12,0
2015-09-13 07:26:00,64,64.1098332493,0.109833249256,0,12,0
2015-09-13 07:31:00,62,61.0092805208,0.990719479174,0,5,0
2015-09-13 07:36:00,65,64.0109833249,0.989016675074,0,12,0
2015-09-13 07:46:00,62,61.9083654981,0.0916345019141,0,5,0
2015-09-13 07:56:00,66,64.9224666491,1.07753335089,0,12,0
2015-09-13 08:01:00,66,65.8745738335,0.125426166525,0,12,0
2015-09-13 08:06:00,63,61.9977042738,1.00229572622,0,5,0
2015-09-13 08:16:00,64,65.9874573833,1.98745738335,0,12,0
2015-09-13 08:31:00,68,67.001000001,0.998999999011,0,0,0
2015-09-13 08:36:00,66,64.2208808809,1.77911911913,0,12,0
2015-09-13 08:41:00,70,71.8100001071,1.81000010711,0,4,0
2015-09-13 08:46:00,64,65.8220880881,1.82208808809,0,12,0
2015-09-13 08:51:00,62,62.9058138109,0.905813810877,0,5,0
2015-09-13 08:56:00,65,64.1822088088,0.817791191191,0,12,0
2015-09-13 09:01:00,65,64.9182208809,0.0817791191191,0,12,0
2015-09-13 09:06:00,65,64.9918220881,0.00817791191191,0,12,0
2015-09-13 09:11:00,63,62.0943902098,0.905609790151,0,5,0
2015-09-13 09:16:00,67,67.9001000001,0.900100000099,0,0,0
2015-09-13 09:26:00,65,64.9991822088,0.000817791191196,0,12,0
2015-09-13 09:31:00,66,65.0050954323,0.994904567724,0,12,0
2015-09-13 09:36:00,66,65.9018700397,0.098129960273,0,12,0
2015-09-13 09:41:00,70,70.1810000107,0.181000010711,0,4,0
2015-09-13 09:46:00,63,62.9125770759,0.0874229240901,0,5,0
2015-09-13 09:51:00,66,65.9914681652,0.00853183477913,0,12,0
2015-09-13 09:56:00,70,70.0181000011,0.0181000010711,0,4,0
2015-09-13 10:06:00,65,65.9991468165,0.999146816522,0,12,0
2015-09-13 10:11:00,63,62.9943171557,0.00568284427196,0,5,0
2015-09-13 10:16:00,66,65.1048964218,0.895103578218,0,12,0
2015-09-13 10:31:00,62,63.0024748712,1.00247487123,0,5,0
2015-09-13 10:36:00,64,65.9104896422,1.91048964218,0,12,0
2015-09-13 10:41:00,69,67.0835931439,1.91640685608,0,0,0
2015-09-13 10:46:00,68,68.8083593144,0.808359314392,0,0,0
2015-09-13 10:51:00,64,64.1910489642,0.191048964218,0,12,0
2015-09-13 10:56:00,66,64.025654051,1.97434594899,0,12,0
2015-09-13 11:06:00,66,65.8017075965,0.198292403495,0,12,0
2015-09-13 11:11:00,64,65.9801707597,1.98017075965,0,12,0
2015-09-13 11:16:00,67,68.0808359314,1.08083593144,0,0,0
2015-09-13 11:21:00,66,64.2038916207,1.79610837926,0,12,0
2015-09-13 11:31:00,65,65.8203891621,0.820389162074,0,12,0
2015-09-13 11:36:00,62,62.1039317804,0.10393178039,0,5,0
2015-09-13 11:41:00,67,67.1080835931,0.108083593144,0,0,0
2015-09-13 11:46:00,61,62.010393178,1.01039317804,0,5,0
2015-09-13 11:51:00,67,67.0108083593,0.0108083593144,0,0,0
2015-09-13 11:56:00,66,65.0862394493,0.913760550688,0,12,0
2015-09-13 12:01:00,62,61.1056546846,0.894345315374,0,5,0
2015-09-13 12:06:00,63,61.9144335763,1.08556642372,0,5,0
2015-09-13 12:11:00,66,65.9094668398,0.0905331601749,0,12,0
2015-09-13 12:16:00,66,65.9791715348,0.020828465198,0,12,0
2015-09-13 12:21:00,63,62.8916375268,0.108362473239,0,5,0
2015-09-13 12:26:00,66,65.986181819,0.0138181810126,0,12,0
2015-09-13 12:31:00,65,65.9986181819,0.998618181899,0,12,0
2015-09-13 12:41:00,63,62.9892599371,0.0107400629034,0,5,0
2015-09-13 12:46:00,63,62.9990076768,0.000992323244027,0,5,0
2015-09-13 12:48:00,63,62.9999739769,2.60231320723e-005,0,5,0
2015-09-13 12:53:00,58,59.9645961858,1.96459618581,0,334,0
2015-09-13 12:58:00,65,65.0998618182,0.0998618181899,0,12,0
2015-09-13 13:03:00,64,65.0099861818,1.00998618182,0,12,0
2015-09-13 13:08:00,65,64.1009986182,0.899001381818,0,12,0
2015-09-13 13:13:00,64,64.9100998618,0.910099861818,0,12,0
2015-09-13 13:18:00,64,64.0910099862,0.0910099861818,0,12,0
2015-09-13 13:23:00,62,63.0004049425,1.00040494251,0,5,0
2015-09-13 13:28:00,63,62.1012725573,0.898727442722,0,5,0
2015-09-13 13:33:00,69,66.9861137214,2.01388627862,0,0,0
2015-09-13 13:43:00,66,64.0068559934,1.9931440066,0,12,0
2015-09-13 13:48:00,61,62.9101272557,1.91012725573,0,5,0
2015-09-13 13:53:00,67,68.7986113721,1.79861137214,0,0,0
2015-09-13 13:58:00,63,61.1914233922,1.80857660782,0,5,0
2015-09-13 14:03:00,67,67.1798611372,0.179861137214,0,0,0
2015-09-13 14:13:00,59,58.3448559885,0.655144011548,0,334,0
2015-09-13 14:18:00,61,62.8191423392,1.81914233922,0,5,0
2015-09-13 14:23:00,70,70.0018100001,0.00181000010711,0,4,0
2015-09-13 14:28:00,65,65.8006855993,0.80068559934,0,12,0
2015-09-13 14:38:00,65,65.0800685599,0.080068559934,0,12,0
2015-09-13 14:43:00,66,65.0130741856,0.986925814374,0,12,0
2015-09-13 14:48:00,63,61.186569963,1.81343003702,0,5,0
2015-09-13 14:58:00,67,67.0179861137,0.0179861137214,0,0,0
2015-09-13 15:03:00,65,65.9013074186,0.901307418563,0,12,0
2015-09-13 15:08:00,63,62.8218235399,0.178176460134,0,5,0
2015-09-13 15:13:00,68,67.0017986114,0.998201388628,0,0,0
2015-09-13 15:18:00,68,67.9001798611,0.0998201388628,0,0,0
2015-09-13 15:23:00,64,65.0901307419,1.09013074186,0,12,0
2015-09-13 15:28:00,69,67.9658681478,1.03413185221,0,0,0
2015-09-13 15:33:00,64,64.1090130742,0.109013074186,0,12,0
2015-09-13 15:38:00,65,64.0109013074,0.989098692581,0,12,0
2015-09-13 15:48:00,64,64.9010901307,0.901090130742,0,12,0
2015-09-13 15:53:00,63,62.9908647678,0.00913523221887,0,5,0
2015-09-13 15:58:00,64,64.0901090131,0.0901090130742,0,12,0
2015-09-13 16:03:00,61,62.9990864768,1.99908647678,0,5,0
2015-09-13 16:08:00,62,61.210197946,0.789802054021,0,5,0
2015-09-13 16:13:00,64,64.0090109013,0.00901090130742,0,12,0
2015-09-13 16:18:00,66,63.9939804968,2.00601950322,0,12,0
2015-09-13 16:23:00,63,61.9213467768,1.07865322318,0,5,0
2015-09-13 16:28:00,68,68.8965868148,0.896586814779,0,0,0
2015-09-13 16:33:00,68,68.0896586815,0.0896586814779,0,0,0
2015-09-13 16:38:00,65,65.7993980497,0.799398049678,0,12,0
2015-09-13 16:43:00,64,65.079939805,1.07993980497,0,12,0
2015-09-13 17:03:00,67,68.0089658681,1.00896586815,0,0,0
2015-09-13 17:08:00,69,67.0971468935,1.90285310653,0,0,0
2015-09-13 17:13:00,63,62.89514759,0.10485241,0,5,0
2015-09-13 17:18:00,68,68.8097146893,0.809714689347,0,0,0
2015-09-13 17:23:00,69,68.0732687446,0.926731255385,0,0,0
2015-09-13 17:28:00,63,62.9924635699,0.00753643010741,0,5,0
2015-09-13 17:33:00,64,64.1079939805,0.107993980497,0,12,0
2015-09-13 17:38:00,64,64.010799398,0.0107993980497,0,12,0
2015-09-13 17:48:00,62,63.0021720398,1.0021720398,0,5,0
2015-09-13 17:53:00,64,64.0010799398,0.00107993980497,0,12,0
2015-09-13 17:58:00,68,68.9073268745,0.907326874462,0,0,0
2015-09-13 18:08:00,65,64.000107994,0.99989200602,0,12,0
2015-09-13 18:13:00,66,64.9054001033,1.09459989668,0,12,0
2015-09-13 18:18:00,66,65.8919423046,0.108057695384,0,12,0
2015-09-13 18:23:00,63,62.1039709149,0.896029085146,0,5,0
2015-09-13 18:28:00,63,62.913408221,0.0865917789646,0,5,0
2015-09-13 18:33:00,65,65.9891942305,0.989194230462,0,12,0
2015-09-13 18:38:00,67,68.0907326874,1.09073268745,0,0,0
2015-09-13 18:48:00,63,62.9954295077,0.00457049225027,0,5,0
2015-09-13 18:53:00,67,67.1090732687,0.109073268745,0,0,0
2015-09-13 18:58:00,69,67.012944058,1.98705594197,0,0,0
2015-09-13 19:03:00,63,63.0036196284,0.00361962841197,0,5,0
2015-09-13 19:08:00,63,63.0044216964,0.00442169642272,0,5,0
2015-09-13 19:18:00,64,65.098919423,1.09891942305,0,12,0
2015-09-13 19:23:00,66,64.1232518972,1.87674810281,0,12,0
2015-09-13 19:28:00,68,68.8012944058,0.801294405803,0,0,0
2015-09-13 19:33:00,67,68.0801294406,1.08012944058,0,0,0
2015-09-13 19:38:00,62,63.0076789697,1.00767896975,0,5,0
2015-09-13 19:48:00,66,65.8327130079,0.167286992137,0,12,0
2015-09-13 19:53:00,66,66.0029067725,0.00290677252725,0,12,0
2015-09-13 19:58:00,64,66.0002906773,2.00029067725,0,12,0
2015-09-13 20:08:00,64,64.2000290677,0.200029067725,0,12,0
2015-09-13 20:13:00,64,64.0200029068,0.0200029067725,0,12,0
2015-09-13 20:18:00,66,64.0292188273,1.97078117269,0,12,0
2015-09-13 20:23:00,63,62.1087618908,0.891238109166,0,5,0
2015-09-13 20:28:00,70,70.000181,0.000181000010713,0,4,0
2015-09-13 20:33:00,65,65.8029218827,0.802921882731,0,12,0
2015-09-13 20:43:00,64,65.0802921883,1.08029218827,0,12,0
2015-09-13 20:53:00,61,62.9108761891,1.91087618908,0,5,0
2015-09-13 21:03:00,62,61.1930510401,0.806948959861,0,5,0
2015-09-13 21:18:00,70,70.0000181,1.81000010713e-005,0,4,0
2015-09-13 21:23:00,65,64.1080292188,0.891970781173,0,12,0
2015-09-13 21:28:00,68,67.1080129441,0.891987055942,0,0,0
2015-09-13 21:33:00,68,67.9108012944,0.0891987055942,0,0,0
2015-09-13 21:38:00,61,61.919305104,0.919305104014,0,5,0
2015-09-13 21:43:00,65,64.9108029219,0.0891970781173,0,12,0
2015-09-13 21:48:00,62,61.0942384118,0.905761588188,0,5,0
2015-09-13 22:08:00,63,61.9109904997,1.08900950031,0,5,0
2015-09-13 22:13:00,66,64.9858859356,1.01411406445,0,12,0
2015-09-13 22:18:00,61,62.89109905,1.89109904997,0,5,0
2015-09-13 22:33:00,66,65.8898800079,0.110119992108,0,12,0
2015-09-13 22:38:00,70,70.00000181,1.81000010002e-006,0,4,0
2015-09-13 22:48:00,58,58.9344855988,0.934485598845,0,334,0
2015-09-13 22:53:00,77,75.1798193555,1.82018064452,0,55,0
2015-09-13 22:58:00,66,65.9743832918,0.0256167082278,0,12,0
2015-09-13 23:08:00,64,61.1900278426,2.80997215735,0,5,0
2015-09-13 23:28:00,60,58.2641132517,1.73588674829,0,334,0
2015-09-13 23:38:00,65,65.9974383292,0.997438329177,0,12,0
2015-09-13 23:43:00,61,63.7190027843,2.71900278426,0,5,0
2015-09-13 23:48:00,60,59.9195186105,0.080481389452,0,334,0
2015-09-13 23:53:00,63,61.2709762936,1.72902370638,0,5,0
2015-09-14 00:18:00,62,62.8270976294,0.827097629362,0,5,0
2015-09-14 00:43:00,53,65.473905905,12.473905905,1,344,0
2015-09-14 00:53:00,66,65.0807217748,0.919278225198,0,12,0
2015-09-14 00:58:00,66,65.8860527845,0.113947215518,0,12,0
2015-09-14 01:08:00,57,54.8639927428,2.13600725724,0,238,0
2015-09-14 01:28:00,64,62.0809542071,1.91904579293,0,5,0
2015-09-14 02:03:00,67,65.9662031216,1.0337968784,0,12,0
2015-09-14 02:28:00,64,63.8077660943,0.192233905686,0,5,0
2015-09-14 02:43:00,64,63.9803053019,0.0196946980738,0,5,0
2015-09-14 02:48:00,66,66.8835100691,0.883510069067,0,12,0
2015-09-14 02:58:00,65,66.0883510069,1.08835100691,0,12,0
2015-09-14 03:08:00,57,58.6931548714,1.69315487145,0,238,0
2015-09-14 03:13:00,63,64.0001126443,1.00011264431,0,5,0
2015-09-14 03:23:00,61,63.1000112644,2.10001126443,0,5,0
2015-09-14 03:48:00,73,70.000000181,2.999999819,0,4,0
2015-09-14 04:13:00,73,72.7000000181,0.2999999819,0,4,0
2015-09-14 04:23:00,59,59.9919518611,0.991951861055,0,334,0
2015-09-14 04:28:00,61,61.2100011264,0.210001126443,0,5,0
2015-09-14 04:43:00,65,65.1088351007,0.108835100691,0,12,0
2015-09-14 04:48:00,64,61.0199600908,2.98003990921,0,5,0
2015-09-14 04:53:00,69,67.9575110893,1.0424889107,0,0,0
2015-09-14 04:58:00,64,63.6985698426,0.301430157414,0,5,0
2015-09-14 05:03:00,62,63.9698569843,1.96985698426,0,5,0
2015-09-14 05:08:00,60,59.3368338184,0.66316618159,0,334,0
2015-09-14 05:18:00,67,65.0119152923,1.98808470767,0,12,0
2015-09-14 05:23:00,66,66.7955154535,0.795515453512,0,12,0
2015-09-14 05:28:00,71,72.9700000018,1.97000000181,0,4,0
2015-09-14 05:33:00,67,66.0766276587,0.923372341345,0,12,0
2015-09-14 05:38:00,65,66.9076627659,1.90766276587,0,12,0
2015-09-14 05:43:00,67,65.1912785387,1.80872146135,0,12,0
2015-09-14 05:48:00,62,62.1969856984,0.196985698426,0,5,0
2015-09-14 05:53:00,69,68.8809784417,0.119021558325,0,0,0
2015-09-14 05:58:00,67,66.8179488724,0.182051127601,0,12,0
2015-09-14 06:03:00,66,66.9799760859,0.979976085923,0,12,0
2015-09-14 06:08:00,64,62.0236947706,1.97630522944,0,5,0
2015-09-14 06:13:00,65,66.0979976086,1.09799760859,0,12,0
2015-09-14 06:18:00,65,65.1097997609,0.109799760859,0,12,0
2015-09-14 06:23:00,61,63.8023694771,2.80236947706,0,5,0
2015-09-14 06:28:00,66,65.0162144003,0.98378559971,0,12,0
2015-09-14 06:33:00,64,61.2848284163,2.71517158367,0,5,0
2015-09-14 06:38:00,64,63.7301314972,0.269868502796,0,5,0
2015-09-14 06:43:00,63,63.9744157563,0.974415756267,0,5,0
2015-09-14 06:48:00,69,68.9739667648,0.0260332352088,0,0,0
2015-09-14 06:53:00,64,63.0996122238,0.900387776217,0,5,0
2015-09-14 06:58:00,66,65.9002211168,0.0997788832036,0,12,0
2015-09-14 07:03:00,67,65.9882903691,1.01170963086,0,12,0
2015-09-14 07:08:00,64,63.9113958229,0.0886041770646,0,5,0
2015-09-14 07:13:00,64,63.9924962691,0.00750373085744,0,5,0
2015-09-14 07:18:00,65,66.8988290369,1.89882903691,0,12,0
2015-09-14 07:23:00,65,65.1898829037,0.189882903691,0,12,0
2015-09-14 07:28:00,59,59.9336833818,0.933683381841,0,334,0
2015-09-14 07:33:00,68,68.9973966765,0.997396676479,0,0,0
2015-09-14 07:38:00,66,65.0218845695,0.978115430501,0,12,0
2015-09-14 07:43:00,67,65.9018427174,1.0981572826,0,12,0
2015-09-14 07:48:00,66,66.8861611942,0.886161194167,0,12,0
2015-09-14 07:53:00,66,66.0875190993,0.0875190993435,0,12,0
2015-09-14 07:58:00,63,64.0008251354,1.00082513538,0,5,0
2015-09-14 08:03:00,57,58.3721141284,1.37211412838,0,238,0
2015-09-14 08:08:00,53,65.473905905,12.473905905,1,344,0
2015-09-14 08:13:00,53,65.473905905,12.473905905,1,344,0
2015-09-14 08:18:00,57,58.1584379435,1.15843794347,0,238,0
2015-09-14 08:23:00,65,66.0087519099,1.00875190993,0,12,0
2015-09-14 08:38:00,64,63.1011252103,0.898874789651,0,5,0
2015-09-14 08:43:00,64,63.9104361818,0.0895638182399,0,5,0
2015-09-14 08:48:00,59,59.0933683382,0.0933683381841,0,334,0
2015-09-14 08:53:00,63,63.9912662002,0.991266200238,0,5,0
2015-09-14 08:58:00,68,68.0997396676,0.0997396676479,0,0,0
2015-09-14 09:03:00,64,63.1031114729,0.8968885271,0,5,0
2015-09-14 09:08:00,62,63.9103111473,1.91031114729,0,5,0
2015-09-14 09:13:00,61,62.1910311147,1.19103111473,0,5,0
2015-09-14 09:18:00,66,65.1097783964,0.890221603552,0,12,0
2015-09-14 09:23:00,62,61.1191031115,0.880896888527,0,5,0
2015-09-14 09:28:00,66,65.9168395002,0.083160499821,0,12,0
2015-09-14 09:33:00,61,61.9119103111,0.911910311147,0,5,0
2015-09-14 09:43:00,66,65.969870988,0.0301290120239,0,12,0
2015-09-14 09:48:00,64,61.0901521942,2.90984780581,0,5,0
2015-09-14 09:53:00,63,63.705661432,0.705661431997,0,5,0
2015-09-14 09:58:00,60,59.0419763032,0.95802369676,0,334,0
2015-09-14 10:03:00,63,63.0677541487,0.067754148686,0,5,0
2015-09-14 10:08:00,65,65.9969870988,0.996987098798,0,12,0
2015-09-14 10:13:00,65,65.0996987099,0.0996987098798,0,12,0
2015-09-14 10:18:00,65,65.009969871,0.00996987098797,0,12,0
2015-09-14 10:23:00,61,63.0067754149,2.00677541487,0,5,0
2015-09-14 10:28:00,60,59.9289550664,0.0710449335572,0,334,0
2015-09-14 10:33:00,64,61.2001527247,2.7998472753,0,5,0
2015-09-14 10:38:00,59,59.9928955066,0.992895506644,0,334,0
2015-09-14 10:43:00,64,63.7172623318,0.282737668209,0,5,0
2015-09-14 10:48:00,64,63.968757201,0.0312427989754,0,5,0
2015-09-14 10:53:00,66,64.985251515,1.014748485,0,12,0
2015-09-14 10:58:00,64,63.9938938731,0.00610612686935,0,5,0
2015-09-14 11:03:00,65,65.8985251515,0.8985251515,0,12,0
2015-09-14 11:08:00,62,63.9993893873,1.99938938731,0,5,0
2015-09-14 11:13:00,61,62.1999389387,1.19993893873,0,5,0
2015-09-14 11:18:00,61,61.1199938939,0.119993893873,0,5,0
2015-09-14 11:28:00,58,59.0992895507,1.09928955066,0,334,0
2015-09-14 11:33:00,66,65.099370473,0.900629526966,0,12,0
2015-09-14 11:38:00,63,61.0179235069,1.98207649312,0,5,0
2015-09-14 11:43:00,60,58.4423805852,1.55761941483,0,334,0
2015-09-14 11:48:00,61,62.8017923507,1.80179235069,0,5,0
2015-09-14 11:53:00,60,60.1077923913,0.107792391301,0,334,0
2015-09-14 11:58:00,63,61.1807639829,1.8192360171,0,5,0
2015-09-14 12:03:00,63,62.8172238813,0.182776118711,0,5,0
2015-09-14 12:13:00,61,62.9817223881,1.98172238813,0,5,0
2015-09-14 12:18:00,62,61.1981722388,0.801827761187,0,5,0
2015-09-14 12:23:00,63,61.9197293997,1.08027060032,0,5,0
2015-09-14 12:28:00,64,62.8910301401,1.10896985994,0,5,0
2015-09-14 12:33:00,63,63.8872821968,0.887282196817,0,5,0
2015-09-14 12:43:00,61,63.0887282197,2.08872821968,0,5,0
2015-09-14 12:48:00,64,61.2077152025,2.79228479747,0,5,0
2015-09-14 12:53:00,60,60.0059452123,0.00594521225216,0,334,0
2015-09-14 12:58:00,63,63.7173952908,0.7173952908,0,5,0
2015-09-14 13:03:00,65,65.9099370473,0.909937047303,0,12,0
2015-09-14 13:08:00,61,63.0717395291,2.07173952908,0,5,0
2015-09-14 13:13:00,64,61.2059907788,2.79400922117,0,5,0
2015-09-14 13:15:00,64,63.7172256318,0.282774368167,0,5,0
2015-09-14 13:20:00,58,60.0005945212,2.00059452123,0,334,0
2015-09-14 13:30:00,62,63.9717225632,1.97172256318,0,5,0
2015-09-14 13:35:00,62,62.1971722563,0.197172256318,0,5,0
2015-09-14 13:40:00,60,58.2618283003,1.73817169973,0,334,0
2015-09-14 13:45:00,61,62.0197172256,1.01971722563,0,5,0
2015-09-14 13:50:00,65,65.0909937047,0.0909937047303,0,12,0
2015-09-14 13:55:00,65,65.0090993705,0.00909937047304,0,12,0
2015-09-14 14:00:00,65,65.000909937,0.000909937047311,0,12,0
2015-09-14 14:05:00,57,57.4910838402,0.491083840197,0,238,0
2015-09-14 14:10:00,65,65.0000909937,9.09937047311e-005,0,12,0
2015-09-14 14:15:00,66,65.0004458059,0.99955419411,0,12,0
2015-09-14 14:20:00,66,65.8973013068,0.102698693159,0,12,0
2015-09-14 14:25:00,66,65.986689554,0.0133104460066,0,12,0
2015-09-14 14:30:00,68,68.0099739668,0.00997396676479,0,0,0
2015-09-14 14:35:00,65,65.9986689554,0.998668955399,0,12,0
2015-09-14 14:40:00,59,59.82618283,0.826182830027,0,334,0
2015-09-14 14:45:00,65,65.0998668955,0.0998668955399,0,12,0
2015-09-14 15:05:00,64,61.1054638473,2.89453615273,0,5,0
2015-09-14 15:10:00,65,65.0099866896,0.009986689554,0,12,0
2015-09-14 15:15:00,67,64.9714858821,2.02851411787,0,12,0
2015-09-14 15:20:00,64,63.7043726217,0.295627378339,0,5,0
2015-09-14 15:30:00,63,63.9640478531,0.964047853137,0,5,0
2015-09-14 15:35:00,65,66.7971485882,1.79714858821,0,12,0
2015-09-14 15:40:00,63,63.0908281359,0.0908281358928,0,5,0
2015-09-14 15:45:00,61,63.0090828136,2.00908281359,0,5,0
2015-09-14 15:50:00,63,61.1969650045,1.80303499546,0,5,0
2015-09-14 15:55:00,64,62.8143548925,1.18564510751,0,5,0
2015-09-14 16:05:00,64,63.8834304326,0.11656956739,0,5,0
2015-09-14 16:10:00,61,63.9883430433,2.98834304326,0,5,0
2015-09-14 16:15:00,63,61.3030492324,1.69695076763,0,5,0
2015-09-14 16:20:00,62,62.8303049232,0.830304923237,0,5,0
2015-09-14 16:30:00,61,62.0830304923,1.08303049232,0,5,0
2015-09-14 16:35:00,65,65.1797148588,0.179714858821,0,12,0
2015-09-14 16:40:00,64,61.1126402042,2.88735979582,0,5,0
2015-09-14 16:45:00,66,65.021861358,0.978138642001,0,12,0
2015-09-14 16:50:00,62,63.7112640204,1.71126402042,0,5,0
2015-09-14 16:55:00,65,65.9021861358,0.9021861358,0,12,0
2015-09-14 17:00:00,62,62.171126402,0.171126402042,0,5,0
2015-09-14 17:05:00,63,62.0198848876,0.980115112413,0,5,0
2015-09-14 17:10:00,61,62.9019884888,1.90198848876,0,5,0
2015-09-14 17:15:00,65,65.0902186136,0.09021861358,0,12,0
2015-09-14 17:20:00,66,65.0097814315,0.990218568524,0,12,0
2015-09-14 17:25:00,68,68.0009973967,0.000997396676482,0,0,0
2015-09-14 17:30:00,64,61.1936844277,2.80631557229,0,5,0
2015-09-14 17:35:00,68,68.0000997397,9.97396676468e-005,0,0,0
2015-09-14 17:40:00,64,63.7177756805,0.282224319507,0,5,0
2015-09-14 17:45:00,65,65.9009781431,0.900978143148,0,12,0
2015-09-14 17:50:00,69,67.9750062554,1.02499374462,0,0,0
2015-09-14 17:55:00,64,63.9699746727,0.0300253272988,0,5,0
2015-09-14 18:00:00,60,59.1668029343,0.83319706566,0,334,0
2015-09-14 18:05:00,62,63.9969974673,1.99699746727,0,5,0
2015-09-14 18:10:00,61,62.1996997467,1.19969974673,0,5,0
2015-09-14 18:20:00,64,61.1205870686,2.87941293141,0,5,0
2015-09-14 18:25:00,61,63.7120587069,2.71205870686,0,5,0
2015-09-14 18:30:00,68,68.8975006255,0.897500625538,0,0,0
2015-09-14 18:35:00,62,61.2712058707,0.728794129314,0,5,0
2015-09-14 18:40:00,62,61.9271205871,0.0728794129314,0,5,0
2015-09-14 18:45:00,64,61.9965855426,2.00341445744,0,5,0
2015-09-14 18:50:00,66,65.0950217568,0.904978243235,0,12,0
2015-09-14 18:55:00,65,65.9095021757,0.909502175676,0,12,0
2015-09-14 19:01:00,62,63.7996585543,1.79965855426,0,5,0
2015-09-14 19:05:00,61,62.1799658554,1.17996585543,0,5,0
2015-09-14 19:10:00,66,65.069571763,0.930428237012,0,12,0
2015-09-14 19:15:00,64,61.1161111021,2.88388889785,0,5,0
2015-09-14 19:20:00,65,65.9069571763,0.906957176299,0,12,0
2015-09-14 19:25:00,68,68.0897500626,0.0897500625538,0,0,0
2015-09-14 19:30:00,68,68.0089750063,0.00897500625538,0,0,0
2015-09-14 19:40:00,62,63.7116111102,1.71161111021,0,5,0
2015-09-14 19:45:00,62,62.171161111,0.171161111021,0,5,0
2015-09-14 19:55:00,63,62.0186655498,0.98133445017,0,5,0
2015-09-14 20:00:00,61,62.901866555,1.90186655498,0,5,0
2015-09-14 20:05:00,61,61.1901866555,0.190186655498,0,5,0
2015-09-14 20:10:00,64,61.021405929,2.97859407102,0,5,0
2015-09-14 20:15:00,60,60.0305589623,0.030558962299,0,334,0
2015-09-14 20:20:00,63,63.7022053039,0.702205303869,0,5,0
2015-09-14 20:30:00,63,63.0708245003,0.0708245002988,0,5,0
2015-09-14 20:35:00,61,63.00708245,2.00708245003,0,5,0
2015-09-14 20:45:00,58,60.0030558962,2.00305589623,0,334,0
2015-09-14 20:50:00,61,61.200708245,0.200708245003,0,5,0
2015-09-14 20:55:00,63,61.0217438734,1.97825612656,0,5,0
2015-09-14 21:05:00,61,62.8021743873,1.80217438734,0,5,0
2015-09-14 21:10:00,61,61.1802174387,0.180217438734,0,5,0
2015-09-14 21:15:00,66,65.0833575327,0.916642467333,0,12,0
2015-09-14 21:20:00,62,61.0180217439,0.981978256127,0,5,0
2015-09-14 21:30:00,56,57.7017901257,1.70179012565,0,238,0
2015-09-14 21:35:00,64,61.9050140375,2.0949859625,0,5,0
2015-09-14 21:40:00,67,65.9075146524,1.09248534756,0,12,0
2015-09-14 21:45:00,64,63.7920998473,0.207900152676,0,5,0
2015-09-14 21:55:00,60,58.4133286925,1.58667130752,0,334,0
2015-09-14 22:06:00,64,63.980650113,0.0193498870314,0,5,0
2015-09-14 22:11:00,66,66.8865339164,0.886533916403,0,12,0
2015-09-14 22:21:00,70,67.9915032077,2.00849679226,0,0,0
2015-09-14 22:25:00,61,63.9980650113,2.9980650113,0,5,0
2015-09-14 22:30:00,63,61.3035002953,1.69649970467,0,5,0
2015-09-14 22:35:00,56,57.112805391,1.11280539101,0,238,0
2015-09-14 22:40:00,61,62.8303500295,1.83035002953,0,5,0
2015-09-14 23:01:00,68,69.7991503208,1.79915032077,0,0,0
2015-09-14 23:11:00,65,66.0886533916,1.08865339164,0,12,0
2015-09-14 23:15:00,59,59.8413328692,0.841332869248,0,334,0
2015-09-14 23:21:00,66,65.1105737892,0.889426210846,0,12,0
2015-09-14 23:41:00,62,61.183035003,0.816964997047,0,5,0
2015-09-14 23:46:00,70,68.1695648644,1.83043513556,0,0,0
2015-09-14 23:51:00,59,59.0841332869,0.0841332869248,0,334,0
2015-09-15 00:16:00,63,61.920777307,1.07922269296,0,5,0
2015-09-15 00:56:00,67,65.9073952016,1.09260479839,0,12,0
2015-09-15 01:25:00,63,62.8937407555,0.106259244454,0,5,0
2015-09-15 01:30:00,71,69.7970581867,1.20294181328,0,0,0
2015-09-15 01:40:00,63,62.9893740756,0.0106259244454,0,5,0
2015-09-15 02:01:00,73,71.1970000002,1.80299999982,0,4,0
2015-09-15 02:06:00,53,66.8627183352,13.8627183352,1,473,0
2015-09-15 02:56:00,58,56.9197682592,1.08023174084,0,238,0
2015-09-15 03:01:00,54,65.3137509296,11.3137509296,1,344,0
2015-09-15 03:25:00,63,62.9989374076,0.00106259244454,0,5,0
2015-09-15 03:30:00,65,63.0015722589,1.99842774107,0,5,0
2015-09-15 03:35:00,54,65.2274068782,11.2274068782,1,344,0
2015-09-15 03:45:00,72,72.8197,0.819700000018,0,4,0
2015-09-15 03:55:00,64,64.8003346189,0.800334618868,0,5,0
2015-09-15 04:01:00,70,70.8561277687,0.856127768652,0,0,0
2015-09-15 04:06:00,65,64.080817516,0.919182483956,0,5,0
2015-09-15 04:10:00,59,58.3086304558,0.691369544166,0,238,0
2015-09-15 04:16:00,59,59.2334318739,0.233431873888,0,238,0
2015-09-15 04:26:00,66,66.8907395202,0.890739520161,0,12,0
2015-09-15 04:31:00,60,59.0084133287,0.991586671308,0,334,0
2015-09-15 04:35:00,62,59.9824539837,2.01754601626,0,334,0
2015-09-15 04:41:00,66,66.089073952,0.0890739520161,0,12,0
2015-09-15 04:46:00,63,64.9080817516,1.9080817516,0,5,0
2015-09-15 04:55:00,65,63.1905521966,1.80944780336,0,5,0
2015-09-15 05:01:00,66,66.0089073952,0.00890739520162,0,12,0
2015-09-15 05:05:00,61,61.8293132096,0.829313209634,0,334,0
2015-09-15 05:10:00,62,61.1320013023,0.867998697703,0,334,0
2015-09-15 05:15:00,61,61.9394472479,0.939447247928,0,334,0
2015-09-15 05:20:00,63,64.8190552197,1.81905521966,0,5,0
2015-09-15 05:26:00,67,65.9904969138,1.0095030862,0,12,0
2015-09-15 05:31:00,62,61.1398818008,0.86011819919,0,334,0
2015-09-15 05:36:00,62,61.938738728,0.0612612720169,0,334,0
2015-09-15 05:41:00,66,66.8990496914,0.89904969138,0,12,0
2015-09-15 05:46:00,66,66.0899049691,0.089904969138,0,12,0
2015-09-15 05:51:00,62,61.9480299027,0.0519700972857,0,334,0
2015-09-15 05:55:00,68,65.9888877916,2.01111220843,0,12,0
2015-09-15 06:00:00,62,61.9499468892,0.0500531108056,0,334,0
2015-09-15 06:10:00,63,63.181905522,0.181905521966,0,5,0
2015-09-15 06:16:00,64,63.0156877881,0.984312211894,0,5,0
2015-09-15 06:20:00,64,63.8983178274,0.101682172566,0,5,0
2015-09-15 06:25:00,63,63.9898317827,0.989831782743,0,5,0
2015-09-15 06:30:00,64,63.0973771499,0.902622850058,0,5,0
2015-09-15 06:35:00,61,61.9766469748,0.97664697483,0,334,0
2015-09-15 06:41:00,66,67.7988887792,1.79888877916,0,12,0
2015-09-15 06:45:00,66,66.1798888779,0.179888877916,0,12,0
2015-09-15 06:50:00,65,63.9117573002,1.08824269977,0,5,0
2015-09-15 06:55:00,63,64.89117573,1.89117573002,0,5,0
2015-09-15 07:00:00,63,63.189117573,0.189117573002,0,5,0
2015-09-15 07:11:00,58,59.5588748876,1.55887488759,0,238,0
2015-09-15 07:16:00,67,66.0021252485,0.997874751483,0,12,0
2015-09-15 07:21:00,62,61.1023631682,0.897636831771,0,334,0
2015-09-15 07:26:00,63,63.0189117573,0.0189117573002,0,5,0
2015-09-15 07:31:00,61,61.8968753457,0.896875345664,0,334,0
2015-09-15 07:36:00,62,61.0940658898,0.905934110174,0,334,0
2015-09-15 07:41:00,63,63.0018911757,0.00189117573002,0,5,0
2015-09-15 07:46:00,65,62.9999900337,2.00000996634,0,5,0
2015-09-15 07:51:00,62,61.9269467892,0.0730532107536,0,334,0
2015-09-15 07:56:00,65,64.8003909693,0.199609030715,0,5,0
2015-09-15 08:06:00,63,64.9800390969,1.98003909693,0,5,0
2015-09-15 08:11:00,63,63.1980039097,0.198003909693,0,5,0
2015-09-15 08:16:00,63,63.019800391,0.0198003909693,0,5,0
2015-09-15 08:21:00,62,62.0587825972,0.0587825971733,0,334,0
2015-09-15 08:26:00,66,66.9002125249,0.900212524852,0,12,0
2015-09-15 08:31:00,61,62.0702032707,1.07020327065,0,334,0
2015-09-15 08:41:00,63,63.0019800391,0.00198003909693,0,5,0
2015-09-15 08:46:00,67,66.0940770857,0.905922914268,0,12,0
2015-09-15 08:51:00,67,66.9107568585,0.089243141455,0,12,0
2015-09-15 08:56:00,64,63.0038265843,0.996173415702,0,5,0
2015-09-15 09:01:00,57,58.1558874888,1.15588748876,0,238,0
2015-09-15 09:06:00,64,63.9032480701,0.0967519299212,0,5,0
2015-09-15 09:11:00,61,61.2283665883,0.228366588335,0,334,0
2015-09-15 09:16:00,64,63.9931044137,0.00689558626704,0,5,0
2015-09-15 09:21:00,64,64.0020741889,0.00207418889502,0,5,0
2015-09-15 09:26:00,61,61.0866281889,0.0866281889104,0,334,0
2015-09-15 09:31:00,60,61.0086628189,1.00866281889,0,334,0
2015-09-15 09:36:00,63,64.0002074189,1.00020741889,0,5,0
2015-09-15 09:41:00,62,60.1804364471,1.81956355291,0,334,0
2015-09-15 09:46:00,63,63.1000207419,0.100020741889,0,5,0
2015-09-15 09:51:00,62,61.8643032006,0.135696799356,0,334,0
2015-09-15 09:56:00,63,63.0100020742,0.0100020741889,0,5,0
2015-09-15 10:01:00,61,62.0288000581,1.02880005808,0,334,0
2015-09-15 10:06:00,60,61.1028800058,1.10288000581,0,334,0
2015-09-15 10:11:00,61,60.2125600654,0.787439934637,0,334,0
2015-09-15 10:16:00,66,66.9910756859,0.991075685854,0,12,0
2015-09-15 10:21:00,62,61.0075445386,0.992455461443,0,334,0
2015-09-15 10:26:00,63,63.0010002074,0.00100020741889,0,5,0
2015-09-15 10:31:00,63,63.0001000207,0.00010002074189,0,5,0
2015-09-15 10:36:00,65,63.002386521,1.99761347897,0,5,0
2015-09-15 10:41:00,63,64.8002386521,1.8002386521,0,5,0
2015-09-15 10:46:00,65,63.1822469785,1.8177530215,0,5,0
2015-09-15 10:51:00,66,66.0991075686,0.0991075685855,0,12,0
2015-09-15 10:56:00,67,66.0038602466,0.996139753434,0,12,0
2015-09-15 11:01:00,64,64.817697881,0.817697881045,0,5,0
2015-09-15 11:06:00,63,64.0817697881,1.0817697881,0,5,0
2015-09-15 11:11:00,58,57.5874770956,0.412522904381,0,238,0
2015-09-15 11:16:00,64,63.1090729979,0.890927002087,0,5,0
2015-09-15 11:21:00,63,63.9109072998,0.910907299791,0,5,0
2015-09-15 11:26:00,66,66.9003860247,0.900386024657,0,12,0
2015-09-15 11:31:00,64,63.0938237333,0.906176266683,0,5,0
2015-09-15 11:36:00,62,61.977450839,0.0225491610398,0,334,0
2015-09-15 11:41:00,63,63.9093823733,0.909382373332,0,5,0
2015-09-15 11:46:00,62,62.0711499672,0.0711499672449,0,334,0
2015-09-15 11:51:00,64,63.0936524291,0.906347570887,0,5,0
2015-09-15 11:56:00,67,66.0908266365,0.909173363482,0,12,0
2015-09-15 12:01:00,64,63.9113746745,0.0886253255021,0,5,0
2015-09-15 12:06:00,62,62.0787606657,0.0787606656525,0,334,0
2015-09-15 12:11:00,61,62.0778918874,1.07789188742,0,334,0
2015-09-15 12:21:00,61,61.1185690708,0.118569070839,0,334,0
2015-09-15 12:26:00,64,63.9892837894,0.0107162106219,0,5,0
2015-09-15 12:31:00,66,66.9090826637,0.909082663652,0,12,0
2015-09-15 12:36:00,60,61.0118569071,1.01185690708,0,334,0
2015-09-15 12:41:00,62,60.127541612,1.87245838801,0,334,0
2015-09-15 12:46:00,65,63.9970688008,1.00293119919,0,5,0
2015-09-15 12:51:00,64,64.897101618,0.897101618037,0,5,0
2015-09-15 12:56:00,61,61.8478229929,0.847822992914,0,334,0
2015-09-15 13:01:00,62,61.1303534873,0.869646512745,0,334,0
2015-09-15 13:06:00,64,64.0896768848,0.0896768847774,0,5,0
2015-09-15 13:11:00,62,61.9451659384,0.0548340616347,0,334,0
2015-09-15 13:16:00,60,61.9945165938,1.99451659384,0,334,0
2015-09-15 13:21:00,65,64.0089715606,0.991028439447,0,5,0
2015-09-15 13:26:00,62,60.2562989527,1.7437010473,0,334,0
2015-09-15 13:31:00,66,66.0909082664,0.0909082663652,0,12,0
2015-09-15 13:36:00,63,64.9008971561,1.90089715606,0,5,0
2015-09-15 13:41:00,65,63.1876280761,1.81237192387,0,5,0
2015-09-15 13:46:00,63,64.8187628076,1.81876280761,0,5,0
2015-09-15 13:51:00,62,61.8020676824,0.197932317553,0,334,0
2015-09-15 13:54:00,62,62.0069985871,0.00699858712528,0,334,0
2015-09-15 13:59:00,61,62.0267123649,1.02671236494,0,334,0
2015-09-15 14:04:00,63,63.1818762808,0.181876280761,0,5,0
2015-09-15 14:09:00,64,63.0188582181,0.981141781868,0,5,0
2015-09-15 14:14:00,67,66.0091923773,0.990807622682,0,12,0
2015-09-15 14:19:00,68,66.8980704676,1.10192953235,0,12,0
2015-09-15 14:24:00,66,67.8898070468,1.88980704676,0,12,0
2015-09-15 14:29:00,62,61.1720932731,0.827906726865,0,334,0
2015-09-15 14:39:00,63,63.9018858218,0.901885821813,0,5,0
2015-09-15 14:44:00,63,63.0901885822,0.0901885821813,0,5,0
2015-09-15 14:49:00,62,61.9426029062,0.0573970937944,0,334,0
2015-09-15 14:54:00,63,63.0090188582,0.00901885821813,0,5,0
2015-09-15 14:59:00,62,62.0180065684,0.0180065684051,0,334,0
2015-09-15 15:04:00,61,62.0250588808,1.02505888076,0,334,0
2015-09-15 15:09:00,65,63.0014978489,1.99850215115,0,5,0
2015-09-15 15:14:00,66,66.1889807047,0.188980704676,0,12,0
2015-09-15 15:19:00,65,64.7992482797,0.20075172031,0,5,0
2015-09-15 15:24:00,63,64.979924828,1.97992482797,0,5,0
2015-09-15 15:29:00,63,63.1979924828,0.197992482797,0,5,0
2015-09-15 15:34:00,62,61.1138369036,0.886163096382,0,334,0
2015-09-15 15:39:00,65,63.0189101851,1.98108981486,0,5,0
2015-09-15 15:44:00,65,64.7995224998,0.200477500238,0,5,0
2015-09-15 15:49:00,65,64.9774443603,0.0225556396579,0,5,0
2015-09-15 15:54:00,60,61.9113836904,1.91138369036,0,334,0
2015-09-15 15:59:00,63,64.997744436,1.99774443603,0,5,0
2015-09-15 16:04:00,63,63.1997744436,0.199774443603,0,5,0
2015-09-15 16:09:00,64,63.0160305162,0.983969483813,0,5,0
2015-09-15 16:14:00,63,63.9016030516,0.901603051619,0,5,0
2015-09-15 16:19:00,63,63.0901603052,0.0901603051619,0,5,0
2015-09-15 16:24:00,62,60.165502833,1.83449716703,0,334,0
2015-09-15 16:29:00,63,63.0090160305,0.00901603051619,0,5,0
2015-09-15 16:34:00,62,61.7701941053,0.229805894687,0,334,0
2015-09-15 16:39:00,62,61.9291220157,0.0708779843436,0,334,0
2015-09-15 16:44:00,66,66.0188980705,0.0188980704676,0,12,0
2015-09-15 16:49:00,63,63.0009016031,0.000901603051616,0,5,0
2015-09-15 16:54:00,65,62.9968488192,2.00315118078,0,5,0
2015-09-15 16:59:00,65,64.7949589513,0.205041048737,0,5,0
2015-09-15 17:04:00,63,64.9794958951,1.97949589513,0,5,0
2015-09-15 17:09:00,62,61.9560029563,0.0439970436767,0,334,0
2015-09-15 17:14:00,66,66.001889807,0.00188980704677,0,12,0
2015-09-15 17:19:00,64,63.1945552452,0.805444754763,0,5,0
2015-09-15 17:24:00,60,61.9956002956,1.99560029563,0,334,0
2015-09-15 17:29:00,62,60.2350350045,1.76496499552,0,334,0
2015-09-15 17:39:00,65,63.9187262525,1.08127374753,0,5,0
2015-09-15 17:44:00,63,64.8918726252,1.89187262525,0,5,0
2015-09-15 17:49:00,63,63.1891872625,0.189187262525,0,5,0
2015-09-15 17:54:00,66,66.0001889807,0.000188980704678,0,12,0
2015-09-15 17:59:00,65,63.0189395034,1.98106049657,0,5,0
2015-09-15 18:04:00,64,66.0000188981,2.00001889807,0,12,0
2015-09-15 18:09:00,64,64.2000018898,0.200001889807,0,12,0
2015-09-15 18:14:00,66,70.0856127769,4.08561277687,1,0,0
2015-09-15 18:19:00,63,64.7975650878,1.79756508777,0,5,0
2015-09-15 18:24:00,62,63.1767604961,1.17676049614,0,5,0
2015-09-15 18:34:00,62,62.1155596502,0.115559650234,0,5,0
2015-09-15 18:39:00,64,64.020000189,0.0200001889807,0,12,0
2015-09-15 18:44:00,61,62.011555965,1.01155596502,0,5,0
2015-09-15 18:49:00,65,63.9873525891,1.01264741092,0,12,0
2015-09-15 18:54:00,64,64.8987352589,0.898735258908,0,12,0
2015-09-15 18:59:00,68,70.0438422449,2.04384224489,0,0,0
2015-09-15 19:04:00,67,68.1621255559,1.16212555589,0,0,0
2015-09-15 19:09:00,68,67.0786178299,0.921382170078,0,0,0
2015-09-15 19:14:00,65,64.0686888227,0.931311177282,0,12,0
2015-09-15 19:29:00,66,67.907861783,1.90786178299,0,0,0
2015-09-15 19:34:00,62,61.098310997,0.901689002961,0,5,0
2015-09-15 19:39:00,64,64.9068688823,0.906868882272,0,12,0
2015-09-15 19:44:00,61,61.9098310997,0.909831099704,0,5,0
2015-09-15 19:49:00,63,61.0881369886,1.91186301138,0,5,0
2015-09-15 19:54:00,63,62.8071514719,0.192848528128,0,5,0
2015-09-15 19:59:00,65,64.0798652295,0.920134770525,0,12,0
2015-09-15 20:09:00,60,61.8106448036,1.81064480359,0,334,0
2015-09-15 20:14:00,62,62.9789196085,0.97891960848,0,5,0
2015-09-15 20:19:00,61,62.0978919608,1.09789196085,0,5,0
2015-09-15 20:24:00,62,61.1095434576,0.890456542427,0,5,0
2015-09-15 20:29:00,59,60.1810644804,1.18106448036,0,334,0
2015-09-15 20:34:00,64,64.9079865229,0.907986522948,0,12,0
2015-09-15 20:39:00,66,66.1907861783,0.190786178299,0,0,0
2015-09-15 20:44:00,64,64.0907986523,0.0907986522948,0,12,0
2015-09-15 20:49:00,58,57.9009865457,0.0990134542734,0,238,0
2015-09-15 20:54:00,64,64.0090798652,0.00907986522948,0,12,0
2015-09-15 20:59:00,64,64.0009079865,0.000907986522947,0,12,0
2015-09-15 21:04:00,62,61.9195037622,0.0804962378063,0,5,0
2015-09-15 21:09:00,65,64.0273488922,0.972651107771,0,12,0
2015-09-15 21:14:00,61,61.9919503762,0.991950376219,0,5,0
2015-09-15 21:19:00,62,61.0996576555,0.900342344496,0,5,0
2015-09-15 21:24:00,65,64.8921992993,0.107800700728,0,12,0
2015-09-15 21:29:00,60,59.1489578882,0.85104211182,0,334,0
2015-09-15 21:34:00,62,61.9097519089,0.0902480910718,0,5,0
2015-09-15 21:39:00,64,64.9892199299,0.989219929927,0,12,0
2015-09-15 21:49:00,61,61.9909751909,0.990975190893,0,5,0
2015-09-15 21:54:00,60,59.935386842,0.0646131580217,0,334,0
2015-09-15 21:59:00,65,64.0908742353,0.90912576466,0,12,0
2015-09-15 22:04:00,61,61.0990975191,0.0990975190893,0,5,0
2015-09-15 22:14:00,61,61.0099097519,0.00990975190893,0,5,0
2015-09-15 22:19:00,60,59.9931373022,0.00686269783135,0,334,0
2015-09-15 22:24:00,59,59.9993137302,0.999313730217,0,334,0
2015-09-15 22:29:00,63,61.0001204995,1.99987950045,0,5,0
2015-09-15 22:34:00,60,59.1095718882,0.890428111793,0,334,0
2015-09-15 22:39:00,65,64.8929669518,0.107033048201,0,12,0
2015-09-15 22:44:00,66,66.0190786178,0.0190786178299,0,0,0
2015-09-15 22:59:00,62,62.801355728,0.801355727965,0,5,0
2015-09-15 23:04:00,62,62.0820556198,0.082055619777,0,5,0
2015-09-15 23:14:00,58,58.3681148985,0.3681148985,0,238,0
2015-09-15 23:19:00,59,59.9109571888,0.910957188821,0,334,0
2015-09-15 23:24:00,61,62.008205562,1.00820556198,0,5,0
2015-09-15 23:29:00,63,61.1035027298,1.89649727024,0,5,0
2015-09-15 23:34:00,60,59.1526267744,0.847373225554,0,334,0
2015-09-15 23:44:00,63,62.8116354499,0.188364550058,0,5,0
2015-09-16 00:04:00,68,66.0037008236,1.99629917645,0,0,0
2015-09-16 00:09:00,55,65.2274068782,10.2274068782,1,344,0
2015-09-16 00:19:00,65,64.993997423,0.0060025769568,0,12,0
2015-09-16 00:24:00,66,67.8003700824,1.80037008236,0,0,0
2015-09-16 00:34:00,62,62.98397083,0.983970829955,0,5,0
2015-09-16 00:44:00,63,62.1019192008,0.898080799244,0,5,1
2015-09-16 00:59:00,62,62.9130465729,0.913046572888,0,5,1
2015-09-16 01:14:00,55,65.2274068782,10.2274068782,1,344,1
2015-09-16 01:19:00,48,66.5948885799,18.5948885799,1,473,1
2015-09-16 01:29:00,62,64.9993997423,2.9993997423,0,12,1
2015-09-16 01:39:00,57,59.9797326499,2.97973264991,0,334,1
2015-09-16 02:14:00,63,62.3102895158,0.689710484216,0,12,1
2015-09-16 02:34:00,64,66.1800370082,2.18003700824,0,0,1
2015-09-16 02:49:00,59,62.0940869898,3.09408698978,0,5,1
2015-09-16 03:04:00,52,58.0368114898,6.03681148985,1,238,1
2015-09-16 03:14:00,59,59.3144382408,0.314438240815,0,5,1
2015-09-16 03:19:00,65,64.2180037008,0.781996299176,0,0,1
2015-09-16 03:29:00,50,65.2274068782,15.2274068782,1,344,1
2015-09-16 03:34:00,68,72.08197,4.08197,1,4,1
2015-09-16 03:39:00,59,59.0290850597,0.0290850597026,0,5,1
2015-09-16 03:49:00,65,64.9218003701,0.0781996299176,0,0,1
2015-09-16 03:59:00,65,64.992180037,0.00781996299176,0,0,1
2015-09-16 04:04:00,64,64.9992180037,0.999218003701,0,0,1
2015-09-16 04:14:00,60,59.0005767312,0.999423268801,0,5,1
2015-09-16 04:24:00,67,72.08197,5.08197,1,4,1
2015-09-16 04:29:00,66,64.1077716582,1.89222834181,0,0,1
2015-09-16 04:39:00,67,72.08197,5.08197,1,4,1
2015-09-16 04:44:00,62,62.9310289516,0.931028951578,0,12,1
2015-09-16 04:49:00,61,62.0931028952,1.09310289516,0,12,1
2015-09-16 04:54:00,63,61.1252756465,1.87472435347,0,12,1
2015-09-16 04:59:00,63,62.8229844039,0.177015596075,0,12,1
2015-09-16 05:04:00,61,62.9822984404,1.98229844039,0,12,1
2015-09-16 05:09:00,64,65.8107771658,1.81077716582,0,0,1
2015-09-16 05:14:00,64,64.1810777166,0.181077716582,0,0,1
2015-09-16 05:19:00,64,64.0181077717,0.0181077716582,0,0,1
2015-09-16 05:24:00,65,64.0018107772,0.998189222834,0,0,1
2015-09-16 05:29:00,67,72.08197,5.08197,1,4,1
2015-09-16 05:34:00,63,61.2012380893,1.79876191074,0,12,1
2015-09-16 05:39:00,64,64.9001810777,0.900181077717,0,0,1
2015-09-16 05:44:00,66,64.0823930625,1.91760693747,0,0,1
2015-09-16 05:49:00,67,72.08197,5.08197,1,4,1
2015-09-16 05:54:00,63,62.8194537464,0.180546253642,0,12,1
2015-09-16 05:59:00,64,65.8082393063,1.80823930625,0,0,1
2015-09-16 06:04:00,65,64.1808239306,0.819176069375,0,0,1
2015-09-16 06:09:00,62,62.9819453746,0.981945374636,0,12,1
2015-09-16 06:14:00,61,62.0981945375,1.09819453746,0,12,1
2015-09-16 06:19:00,62,61.1098194537,0.890180546254,0,12,1
2015-09-16 06:24:00,64,64.9180823931,0.918082393063,0,0,1
2015-09-16 06:29:00,66,64.0861725586,1.91382744142,0,0,1
2015-09-16 06:34:00,63,61.9099713154,1.09002868461,0,12,1
2015-09-16 06:39:00,65,65.8086172559,0.808617255858,0,0,1
2015-09-16 06:44:00,66,65.0673454033,0.932654596695,0,0,1
2015-09-16 06:49:00,64,65.9067345403,1.90673454033,0,0,1
2015-09-16 06:54:00,63,62.878330461,0.121669538971,0,12,1
2015-09-16 06:59:00,64,64.190673454,0.190673454033,0,0,1
2015-09-16 07:04:00,61,62.9878330461,1.9878330461,0,12,1
2015-09-16 07:09:00,64,64.0190673454,0.0190673454033,0,0,1
2015-09-16 07:14:00,66,63.9959633157,2.00403668432,0,0,1
2015-09-16 07:19:00,65,65.7995963316,0.799596331568,0,0,1
2015-09-16 07:24:00,63,61.2117228538,1.78827714617,0,12,1
2015-09-16 07:29:00,62,62.8211722854,0.821172285383,0,12,1
2015-09-16 07:34:00,64,65.0799596332,1.07995963316,0,0,1
2015-09-16 07:39:00,61,62.0821172285,1.08211722854,0,12,1
2015-09-16 07:44:00,61,61.1082117229,0.108211722854,0,12,1
2015-09-16 07:49:00,65,64.1079959633,0.892004036684,0,0,1
2015-09-16 07:54:00,25,65.6709672587,40.6709672587,1,473,1
2015-09-16 07:59:00,19,64.4427148812,45.4427148812,1,473,1
2015-09-16 08:04:00,15,63.3947911585,48.3947911585,1,473,1
2015-09-16 08:09:00,17,63.2394750399,46.2394750399,1,344,1
2015-09-16 08:14:00,24,58.0368114898,34.0368114898,1,238,1
2015-09-16 08:19:00,25,58.0368114898,33.0368114898,1,238,1
2015-09-16 08:24:00,19,63.2394750399,44.2394750399,1,344,1
2015-09-16 08:29:00,39,59.9000576731,20.9000576731,1,5,1
2015-09-16 08:34:00,21,63.2394750399,42.2394750399,1,344,1
2015-09-16 08:39:00,22,63.2394750399,41.2394750399,1,344,1
2015-09-16 08:44:00,41,59.8992259467,18.8992259467,1,5,1
2015-09-16 08:49:00,65,72.08197,7.08197,1,4,1
2015-09-16 08:54:00,61,72.08197,11.08197,1,4,1
2015-09-16 08:59:00,60,72.08197,12.08197,1,4,1
2015-09-16 09:04:00,65,72.08197,7.08197,1,4,1
2015-09-16 09:09:00,62,72.08197,10.08197,1,4,1
2015-09-16 09:14:00,61,72.08197,11.08197,1,4,1
2015-09-16 09:19:00,63,72.08197,9.08197,1,4,1
2015-09-16 09:24:00,64,72.08197,8.08197,1,4,1
2015-09-16 09:29:00,60,72.08197,12.08197,1,4,1
2015-09-16 09:34:00,62,72.08197,10.08197,1,4,1
2015-09-16 09:39:00,64,72.08197,8.08197,1,4,1
2015-09-16 09:44:00,63,72.08197,9.08197,1,4,1
2015-09-16 09:49:00,65,72.08197,7.08197,1,4,1
2015-09-16 09:54:00,63,72.08197,9.08197,1,4,1
2015-09-16 09:59:00,61,72.08197,11.08197,1,4,1
2015-09-16 10:04:00,62,72.08197,10.08197,1,4,1
2015-09-16 10:09:00,61,72.08197,11.08197,1,4,1
2015-09-16 10:14:00,64,72.08197,8.08197,1,4,1
2015-09-16 10:19:00,63,72.08197,9.08197,1,4,1
2015-09-16 10:24:00,56,64.8777579376,8.87775793763,1,0,1
2015-09-16 10:29:00,64,72.08197,8.08197,1,4,1
2015-09-16 10:34:00,65,72.08197,7.08197,1,4,1
2015-09-16 10:39:00,65,72.08197,7.08197,1,4,1
2015-09-16 10:44:00,66,76.0122563255,10.0122563255,1,55,1
2015-09-16 10:49:00,65,72.08197,7.08197,1,4,1
2015-09-16 10:54:00,63,72.08197,9.08197,1,4,1
2015-09-16 10:59:00,61,72.08197,11.08197,1,4,1
2015-09-16 11:04:00,61,72.08197,11.08197,1,4,1
2015-09-16 11:09:00,59,72.08197,13.08197,1,4,1
2015-09-16 11:14:00,62,72.08197,10.08197,1,4,1
2015-09-16 11:19:00,57,64.8283235878,7.82832358783,1,0,1
2015-09-16 11:24:00,60,72.08197,12.08197,1,4,1
2015-09-16 11:29:00,62,72.08197,10.08197,1,4,1
2015-09-16 11:34:00,62,72.08197,10.08197,1,4,1
2015-09-16 11:39:00,64,72.08197,8.08197,1,4,1
2015-09-16 11:44:00,66,74.9287678138,8.92876781383,1,55,1
2015-09-16 11:49:00,62,72.08197,10.08197,1,4,1
2015-09-16 11:54:00,64,72.08197,8.08197,1,4,1
2015-09-16 11:59:00,62,72.08197,10.08197,1,4,1
2015-09-16 12:04:00,60,72.08197,12.08197,1,4,1
2015-09-16 12:09:00,62,72.08197,10.08197,1,4,1
2015-09-16 12:14:00,63,72.08197,9.08197,1,4,1
2015-09-16 12:19:00,62,72.08197,10.08197,1,4,1
2015-09-16 12:24:00,65,72.08197,7.08197,1,4,1
2015-09-16 12:29:00,64,72.08197,8.08197,1,4,1
2015-09-16 12:34:00,64,72.08197,8.08197,1,4,1
2015-09-16 12:39:00,64,72.08197,8.08197,1,4,1
2015-09-16 12:44:00,62,72.08197,10.08197,1,4,1
2015-09-16 12:49:00,61,72.08197,11.08197,1,4,1
2015-09-16 12:54:00,64,72.08197,8.08197,1,4,1
2015-09-16 12:59:00,66,74.0510674322,8.05106743222,1,55,1
2015-09-16 13:04:00,62,72.08197,10.08197,1,4,1
2015-09-16 13:09:00,64,72.08197,8.08197,1,4,1
2015-09-16 13:14:00,63,72.08197,9.08197,1,4,1
2015-09-16 13:19:00,60,72.08197,12.08197,1,4,0
2015-09-16 13:24:00,64,72.08197,8.08197,1,4,0
2015-09-16 13:29:00,66,73.2348771155,7.23487711554,1,55,0
2015-09-16 13:34:00,62,72.08197,10.08197,1,4,0
2015-09-16 13:39:00,63,72.08197,9.08197,1,4,0
2015-09-16 13:44:00,59,72.08197,13.08197,1,4,0
2015-09-16 13:49:00,59,72.08197,13.08197,1,4,0
2015-09-16 13:54:00,64,72.08197,8.08197,1,4,0
2015-09-16 13:59:00,60,72.08197,12.08197,1,4,0
2015-09-16 14:04:00,62,72.08197,10.08197,1,4,0
2015-09-16 14:09:00,61,72.08197,11.08197,1,4,0
2015-09-16 14:14:00,63,72.08197,9.08197,1,4,0
2015-09-16 14:19:00,67,72.6267627725,5.62676277245,1,55,0
2015-09-16 14:24:00,67,72.0588627729,5.05886277286,1,55,0
2015-09-16 14:29:00,66,71.7413752713,5.74137527131,1,55,0
2015-09-16 14:30:00,65,72.08197,7.08197,1,4,0
2015-09-16 14:35:00,61,72.08197,11.08197,1,4,0
2015-09-16 14:40:00,66,71.4437235579,5.44372355787,1,55,0
2015-09-16 14:45:00,63,72.08197,9.08197,1,4,0
2015-09-16 14:50:00,61,72.08197,11.08197,1,4,0
2015-09-16 14:55:00,62,72.08197,10.08197,1,4,0
2015-09-16 15:00:00,69,71.1641970294,2.16419702938,0,55,0
2015-09-16 15:05:00,64,72.08197,8.08197,1,4,0
2015-09-16 15:10:00,63,72.08197,9.08197,1,4,0
2015-09-16 15:15:00,66,68.8067869846,2.80678698456,0,55,0
2015-09-16 15:25:00,60,72.08197,12.08197,1,4,0
2015-09-16 15:30:00,60,72.08197,12.08197,1,4,0
2015-09-16 15:35:00,62,72.08197,10.08197,1,4,0
2015-09-16 15:40:00,56,64.7910833503,8.79108335033,1,0,0
2015-09-16 15:45:00,61,72.08197,11.08197,1,4,0
2015-09-16 15:50:00,61,72.08197,11.08197,1,4,0
2015-09-16 15:55:00,66,65.964725936,0.0352740639939,0,55,0
2015-09-16 16:00:00,66,66.1562404192,0.156240419238,0,55,0
2015-09-16 16:05:00,65,72.08197,7.08197,1,4,0
2015-09-16 16:10:00,64,72.08197,8.08197,1,4,0
2015-09-16 16:15:00,64,72.08197,8.08197,1,4,0
2015-09-16 16:20:00,62,72.08197,10.08197,1,4,0
2015-09-16 16:25:00,69,66.1707189153,2.82928108468,0,55,0
2015-09-16 16:30:00,67,68.7977615007,1.79776150068,0,55,0
2015-09-16 16:35:00,65,72.08197,7.08197,1,4,0
2015-09-16 16:40:00,68,67.2971457361,0.702854263911,0,55,0
2015-09-16 16:45:00,64,72.08197,8.08197,1,4,0
2015-09-16 16:50:00,66,67.7474906442,1.74749064417,0,55,0
2015-09-16 16:55:00,68,66.0402679225,1.95973207752,0,55,0
2015-09-16 17:00:00,60,72.08197,12.08197,1,4,0
2015-09-16 17:05:00,65,67.6351039849,2.63510398487,0,55,0
2015-09-16 17:10:00,63,72.08197,9.08197,1,4,0
2015-09-16 17:15:00,66,65.157081132,0.84291886803,0,55,0
2015-09-16 17:20:00,59,72.08197,13.08197,1,4,0
2015-09-16 17:25:00,66,65.7970351843,0.202964815711,0,55,0
2015-09-16 17:30:00,63,72.08197,9.08197,1,4,0
2015-09-16 17:35:00,65,65.7617926674,0.761792667367,0,55,0
2015-09-16 17:40:00,56,72.08197,16.08197,1,4,0
2015-09-16 17:45:00,64,64.8821553658,0.882155365821,0,55,0
2015-09-16 17:50:00,62,72.08197,10.08197,1,4,0
2015-09-16 17:55:00,67,63.9193425797,3.08065742029,0,55,0
2015-09-16 18:00:00,66,66.4730176195,0.473017619514,0,55,0
2015-09-16 18:05:00,64,65.8459576806,1.84595768059,0,55,0
2015-09-16 18:10:00,64,64.0241486898,0.0241486898061,0,55,0
2015-09-16 18:15:00,63,63.8486347845,0.848634784503,0,55,0
2015-09-16 18:20:00,66,63.1896284692,2.81037153085,0,55,0
2015-09-16 18:25:00,62,72.08197,10.08197,1,4,0
2015-09-16 18:30:00,67,65.7725493144,1.22745068557,0,55,0
2015-09-16 18:35:00,69,66.9090344672,2.09096553285,0,55,0
2015-09-16 18:40:00,64,68.7877059536,4.78770595355,1,55,0
2015-09-16 18:45:00,66,68.7847993125,2.78479931251,0,55,0
2015-09-16 18:50:00,63,66.3191007555,3.31910075554,1,55,0
2015-09-16 18:55:00,65,66.3584843612,1.35848436122,0,55,0
2015-09-16 19:00:00,64,65.1945870461,1.19458704608,0,55,0
2015-09-16 19:05:00,63,64.039732607,1.039732607,0,55,0
2015-09-16 19:10:00,54,64.7700155784,10.7700155784,1,0,0
2015-09-16 19:15:00,63,63.0415834217,0.0415834217153,0,55,0
2015-09-16 19:20:00,64,62.9442436996,1.05575630041,0,55,0
2015-09-16 19:25:00,75,63.8217390069,11.1782609931,1,55,0
2015-09-16 19:30:00,62,72.08197,10.08197,1,4,0
2015-09-16 19:35:00,61,72.08197,11.08197,1,4,0
2015-09-16 19:40:00,64,72.08197,8.08197,1,4,0
2015-09-16 19:45:00,65,72.08197,7.08197,1,4,0
2015-09-16 19:50:00,64,72.08197,8.08197,1,4,0
2015-09-16 19:55:00,63,72.08197,9.08197,1,4,0
2015-09-16 20:00:00,62,72.08197,10.08197,1,4,0
2015-09-16 20:05:00,62,72.08197,10.08197,1,4,0
2015-09-16 20:10:00,64,72.08197,8.08197,1,4,0
2015-09-16 20:15:00,57,64.785020256,7.78502025604,1,0,0
2015-09-16 20:20:00,65,72.08197,7.08197,1,4,0
2015-09-16 20:25:00,60,64.7999466437,4.79994664374,1,0,0
2015-09-16 20:30:00,62,72.08197,10.08197,1,4,0
2015-09-16 20:35:00,63,72.08197,9.08197,1,4,0
2015-09-16 20:40:00,69,63.7777952959,5.22220470412,1,55,0
2015-09-16 20:45:00,59,64.7855578952,5.78555789521,1,0,0
2015-09-16 20:50:00,52,61.0106601751,9.01066017512,1,12,0
2015-09-16 20:55:00,57,64.7711152709,7.7711152709,1,0,0
2015-09-16 21:00:00,61,72.08197,11.08197,1,4,0
2015-09-16 21:05:00,60,64.7567250975,4.7567250975,1,0,0
2015-09-16 21:10:00,60,64.7423962121,4.74239621215,1,0,0
2015-09-16 21:15:00,66,72.08197,6.08197,1,4,0
2015-09-16 21:20:00,64,72.08197,8.08197,1,4,0
2015-09-16 21:25:00,63,72.08197,9.08197,1,4,0
2015-09-16 21:30:00,65,72.08197,7.08197,1,4,0
2015-09-16 21:35:00,68,63.8037184525,4.19628154748,1,55,0
2015-09-16 21:40:00,62,72.08197,10.08197,1,4,0
2015-09-16 21:45:00,54,64.7423962121,10.7423962121,1,0,0
2015-09-16 21:50:00,63,72.08197,9.08197,1,4,0
2015-09-16 21:55:00,67,72.08197,5.08197,1,4,0
2015-09-16 22:05:00,62,72.08197,10.08197,1,4,0
2015-09-16 22:14:00,73,63.8625376684,9.13746233156,1,55,0
2015-09-16 22:20:00,68,63.8943346423,4.10566535767,1,55,0
2015-09-16 22:30:00,62,72.08197,10.08197,1,4,0
2015-09-16 22:35:00,64,72.08197,8.08197,1,4,0
2015-09-16 22:40:00,64,72.08197,8.08197,1,4,0
2015-09-16 22:45:00,63,72.08197,9.08197,1,4,0
2015-09-16 22:50:00,60,64.7324100554,4.7324100554,1,0,0
2015-09-16 22:55:00,67,72.08197,5.08197,1,4,0
2015-09-16 23:00:00,60,64.722516625,4.72251662499,1,0,0
2015-09-16 23:05:00,63,72.08197,9.08197,1,4,0
2015-09-16 23:10:00,67,72.08197,5.08197,1,4,0
2015-09-16 23:15:00,63,72.08197,9.08197,1,4,0
2015-09-16 23:25:00,62,72.08197,10.08197,1,4,0
2015-09-16 23:40:00,62,72.08197,10.08197,1,4,0
2015-09-16 23:45:00,67,72.08197,5.08197,1,4,0
2015-09-16 23:55:00,57,64.6650569834,7.66505698343,1,0,0
2015-09-17 00:00:00,59,64.6079818874,5.60798188741,1,0,0
2015-09-17 00:05:00,57,64.5512424742,7.55124247419,1,0,0
2015-09-17 00:10:00,59,64.4948718565,5.49487185653,1,0,0
2015-09-17 00:20:00,70,63.6780253931,6.32197460688,1,55,0
2015-09-17 00:25:00,62,72.08197,10.08197,1,4,0
2015-09-17 00:30:00,65,72.08197,7.08197,1,4,1
2015-09-17 00:50:00,59,64.4985140049,5.49851400485,1,0,1
2015-09-17 00:55:00,64,72.08197,8.08197,1,4,1
2015-09-17 01:05:00,66,72.08197,6.08197,1,4,1
2015-09-17 01:10:00,58,64.5020770725,6.50207707255,1,0,1
2015-09-17 01:20:00,55,64.5020770725,9.50207707255,1,0,1
2015-09-17 01:30:00,65,72.08197,7.08197,1,4,1
2015-09-17 01:45:00,61,72.08197,11.08197,1,4,1
2015-09-17 02:15:00,62,72.08197,10.08197,1,4,1
2015-09-17 03:05:00,66,72.08197,6.08197,1,4,1
2015-09-17 03:30:00,57,64.520253628,7.520253628,1,0,1
2015-09-17 03:45:00,60,64.5382740461,4.53827404615,1,0,1
2015-09-17 03:50:00,60,64.556149763,4.55614976302,1,0,1
2015-09-17 04:05:00,65,72.08197,7.08197,1,4,1
2015-09-17 04:10:00,44,59.9070023221,15.9070023221,1,5,1
2015-09-17 04:15:00,52,61.0372051773,9.03720517731,1,12,1
2015-09-17 04:20:00,37,57.4373496181,20.4373496181,1,334,1
2015-09-17 04:25:00,48,61.0372051773,13.0372051773,1,12,1
2015-09-17 04:30:00,57,64.5740213577,7.57402135773,1,0,1
2015-09-17 04:35:00,66,72.08197,6.08197,1,4,1
2015-09-17 04:40:00,60,64.5943374566,4.59433745655,1,0,1
2015-09-17 04:50:00,60,64.6145094696,4.61450946957,1,0,1
2015-09-17 04:55:00,64,72.08197,8.08197,1,4,1
2015-09-17 05:00:00,60,64.6345103784,4.63451037841,1,0,1
2015-09-17 05:05:00,58,64.6543232914,6.65432329139,1,0,1
2015-09-17 05:10:00,63,72.08197,9.08197,1,4,1
2015-09-17 05:15:00,64,72.08197,8.08197,1,4,1
2015-09-17 05:20:00,63,72.08197,9.08197,1,4,1
2015-09-17 05:25:00,62,72.08197,10.08197,1,4,1
2015-09-17 05:30:00,65,72.08197,7.08197,1,4,1
2015-09-17 05:35:00,63,72.08197,9.08197,1,4,1
2015-09-17 05:40:00,62,72.08197,10.08197,1,4,1
2015-09-17 05:45:00,64,72.08197,8.08197,1,4,1
2015-09-17 05:50:00,62,72.08197,10.08197,1,4,1
2015-09-17 05:55:00,69,63.7065256555,5.2934743445,1,55,1
2015-09-17 06:00:00,61,72.08197,11.08197,1,4,1
2015-09-17 06:05:00,63,72.08197,9.08197,1,4,1
2015-09-17 06:10:00,61,72.08197,11.08197,1,4,1
2015-09-17 06:15:00,61,72.08197,11.08197,1,4,1
2015-09-17 06:20:00,58,64.6577795311,6.65777953106,1,0,1
2015-09-17 06:25:00,59,64.6612568018,5.6612568018,1,0,1
2015-09-17 06:30:00,59,64.664633138,5.66463313798,1,0,1
2015-09-17 06:35:00,69,63.7339083381,5.26609166185,1,55,1
2015-09-17 06:40:00,61,72.08197,11.08197,1,4,1
2015-09-17 06:45:00,60,64.667933139,4.66793313904,1,0,1
2015-09-17 06:50:00,57,64.671164598,7.67116459796,1,0,1
2015-09-17 06:55:00,53,64.671164598,11.671164598,1,0,1
2015-09-17 07:00:00,61,72.08197,11.08197,1,4,1
2015-09-17 07:05:00,65,72.08197,7.08197,1,4,1
2015-09-17 07:10:00,61,72.08197,11.08197,1,4,1
2015-09-17 07:15:00,60,64.6743057526,4.67430575259,1,0,1
2015-09-17 07:20:00,62,72.08197,10.08197,1,4,1
2015-09-17 07:25:00,60,64.6876057417,4.68760574169,1,0,1
2015-09-17 07:30:00,62,72.08197,10.08197,1,4,1
2015-09-17 07:35:00,55,64.6876057417,9.68760574169,1,0,1
2015-09-17 07:40:00,60,64.7007108101,4.70071081009,1,0,1
2015-09-17 07:45:00,26,58.0368114898,32.0368114898,1,238,1
2015-09-17 07:50:00,34,57.5634562509,23.5634562509,1,334,1
2015-09-17 07:55:00,15,64.0043500654,49.0043500654,1,473,1
2015-09-17 08:00:00,23,58.0368114898,35.0368114898,1,238,1
2015-09-17 08:05:00,35,57.6905097365,22.6905097365,1,334,1
2015-09-17 08:10:00,38,59.9070023221,21.9070023221,1,5,1
2015-09-17 08:15:00,11,64.9256169769,53.9256169769,1,473,1
2015-09-17 08:20:00,43,59.9177252727,16.9177252727,1,5,1
2015-09-17 08:25:00,26,58.8868426438,32.8868426438,1,238,1
2015-09-17 08:30:00,47,61.0372051773,14.0372051773,1,12,1
2015-09-17 08:35:00,63,72.08197,9.08197,1,4,1
2015-09-17 08:40:00,55,64.7007108101,9.70071081009,1,0,1
2015-09-17 08:45:00,65,72.08197,7.08197,1,4,1
2015-09-17 08:55:00,65,72.08197,7.08197,1,4,1
2015-09-17 09:00:00,64,72.08197,8.08197,1,4,1
2015-09-17 09:05:00,61,72.08197,11.08197,1,4,1
2015-09-17 09:10:00,59,64.7264123172,5.72641231721,1,0,1
2015-09-17 09:15:00,63,72.08197,9.08197,1,4,1
2015-09-17 09:20:00,67,72.08197,5.08197,1,4,1
2015-09-17 09:25:00,62,72.08197,10.08197,1,4,1
2015-09-17 09:30:00,60,72.08197,12.08197,1,4,1
2015-09-17 09:35:00,62,72.08197,10.08197,1,4,1
2015-09-17 09:40:00,63,72.08197,9.08197,1,4,1
2015-09-17 09:45:00,63,72.08197,9.08197,1,4,1
2015-09-17 09:50:00,65,72.08197,7.08197,1,4,1
2015-09-17 09:55:00,62,72.08197,10.08197,1,4,1
2015-09-17 10:00:00,65,72.08197,7.08197,1,4,1
2015-09-17 10:05:00,62,72.08197,10.08197,1,4,1
2015-09-17 10:10:00,62,72.08197,10.08197,1,4,1
2015-09-17 10:15:00,62,72.08197,10.08197,1,4,1
2015-09-17 10:20:00,65,72.08197,7.08197,1,4,1
2015-09-17 10:25:00,65,72.08197,7.08197,1,4,1
2015-09-17 10:30:00,63,72.08197,9.08197,1,4,1
2015-09-17 10:35:00,61,72.08197,11.08197,1,4,1
2015-09-17 10:40:00,57,64.7206845252,7.72068452517,1,0,1
2015-09-17 10:45:00,54,64.7206845252,10.7206845252,1,0,1
2015-09-17 10:50:00,57,64.7248825868,7.72488258675,1,0,1
2015-09-17 10:55:00,62,72.08197,10.08197,1,4,1
2015-09-17 11:00:00,60,72.08197,12.08197,1,4,1
2015-09-17 11:05:00,64,72.08197,8.08197,1,4,1
2015-09-17 11:10:00,59,64.7160785291,5.71607852913,1,0,1
2015-09-17 11:15:00,64,72.08197,8.08197,1,4,1
2015-09-17 11:20:00,63,72.08197,9.08197,1,4,1
2015-09-17 11:25:00,61,72.08197,11.08197,1,4,1
2015-09-17 11:30:00,63,72.08197,9.08197,1,4,1
2015-09-17 11:35:00,65,72.08197,7.08197,1,4,1
2015-09-17 11:40:00,60,72.08197,12.08197,1,4,1
2015-09-17 11:45:00,60,72.08197,12.08197,1,4,1
2015-09-17 11:50:00,62,72.08197,10.08197,1,4,1
2015-09-17 11:55:00,65,72.08197,7.08197,1,4,1
2015-09-17 12:00:00,58,64.6814243418,6.68142434183,1,0,1
2015-09-17 12:05:00,65,72.08197,7.08197,1,4,1
2015-09-17 12:10:00,62,72.08197,10.08197,1,4,1
2015-09-17 12:15:00,54,64.6814243418,10.6814243418,1,0,1
2015-09-17 12:20:00,51,61.0164866997,10.0164866997,1,12,1
2015-09-17 12:25:00,51,60.9957738144,9.99577381443,1,12,1
2015-09-17 12:30:00,56,64.646642639,8.64664263898,1,0,1
2015-09-17 12:35:00,57,64.6120355248,7.61203552479,1,0,1
2015-09-17 12:40:00,46,60.9957738144,14.9957738144,1,12,1
2015-09-17 12:45:00,56,64.5774284514,8.57742845137,1,0,1
2015-09-17 12:50:00,56,64.5773567937,8.57735679365,1,0,1
2015-09-17 12:55:00,56,64.5772392929,8.57723929289,1,0,1
2015-09-17 13:00:00,60,72.08197,12.08197,1,4,1
2015-09-17 13:05:00,61,72.08197,11.08197,1,4,1
2015-09-17 13:10:00,64,72.08197,8.08197,1,4,1
2015-09-17 13:15:00,67,72.08197,5.08197,1,4,1
2015-09-17 13:20:00,66,72.08197,6.08197,1,4,1
2015-09-17 13:25:00,61,72.08197,11.08197,1,4,1
2015-09-17 13:30:00,62,72.08197,10.08197,1,4,1
2015-09-17 13:35:00,59,64.5771293777,5.57712937767,1,0,0
2015-09-17 13:40:00,63,72.08197,9.08197,1,4,0
2015-09-17 13:45:00,68,63.6985054517,4.30149454827,1,55,0
2015-09-17 13:50:00,66,72.08197,6.08197,1,4,0
2015-09-17 13:55:00,63,72.08197,9.08197,1,4,0
2015-09-17 14:00:00,66,72.08197,6.08197,1,4,0
2015-09-17 14:05:00,62,72.08197,10.08197,1,4,0
2015-09-17 14:10:00,60,72.08197,12.08197,1,4,0
2015-09-17 14:15:00,63,72.08197,9.08197,1,4,0
2015-09-17 14:20:00,68,63.6647569927,4.33524300727,1,55,0
2015-09-17 14:25:00,63,72.08197,9.08197,1,4,0
2015-09-17 14:30:00,65,72.08197,7.08197,1,4,0
2015-09-17 14:34:00,57,64.566161625,7.56616162502,1,0,0
2015-09-17 14:39:00,65,72.08197,7.08197,1,4,0
2015-09-17 14:44:00,60,72.08197,12.08197,1,4,0
2015-09-17 14:49:00,62,72.08197,10.08197,1,4,0
2015-09-17 14:54:00,65,72.08197,7.08197,1,4,0
2015-09-17 14:58:00,67,72.08197,5.08197,1,4,0
2015-09-17 15:04:00,62,72.08197,10.08197,1,4,0
2015-09-17 15:08:00,65,72.08197,7.08197,1,4,0
2015-09-17 15:13:00,61,72.08197,11.08197,1,4,0
2015-09-17 15:18:00,66,72.08197,6.08197,1,4,0
2015-09-17 15:23:00,63,72.08197,9.08197,1,4,0
2015-09-17 15:28:00,69,63.7386437361,5.26135626387,1,55,0
2015-09-17 15:34:00,64,72.08197,8.08197,1,4,0
2015-09-17 15:38:00,64,72.08197,8.08197,1,4,0
2015-09-17 15:43:00,62,72.08197,10.08197,1,4,0
2015-09-17 15:48:00,68,63.8591604922,4.14083950781,1,55,0
2015-09-17 15:49:00,65,72.08197,7.08197,1,4,0
2015-09-17 15:54:00,69,63.9771683593,5.02283164072,1,55,0
2015-09-17 15:59:00,61,72.08197,11.08197,1,4,0
2015-09-17 16:04:00,66,72.08197,6.08197,1,4,0
2015-09-17 16:09:00,65,72.08197,7.08197,1,4,0
2015-09-17 16:14:00,65,72.08197,7.08197,1,4,0
2015-09-17 16:19:00,60,72.08197,12.08197,1,4,0
